00:00,111,66,2,160,8
00:07,2,29,1,313,8
00:14,145,86,2,290,8
00:21,74,87,2,243,4
00:28,139,73,2,64,8
00:35,55,68,2,196,4
00:42,99,23,2,107,8
00:49,97,73,1,277,4
00:56,122,74,1,374,8
01:03,55,39,2,132,2
01:10,88,55,1,352,4
01:17,57,17,1,331,8
01:24,50,32,1,273,1
01:31,50,56,1,193,2
01:38,60,56,1,268,4
01:45,132,40,2,43,8
01:52,46,47,17,205,2
02:00,22,32,2,121,24
02:07,25,6,1,246,24
02:15,61,55,1,204,4
02:22,91,41,1,86,24
02:30,91,63,1,289,8
02:37,142,25,2,138,8
02:45,80,61,2,82,8
02:52,98,68,2,317,4
03:00,74,50,1,243,8
03:07,52,63,2,339,4
03:15,20,72,2,80,8
03:22,98,34,1,273,4
03:30,78,71,1,230,8
03:37,73,48,1,141,2
03:45,55,37,1,32,4
03:52,93,72,20,42,4
04:00,80,53,1,104,8
04:05,48,31,3,329,1
04:10,54,43,2,5,2
04:15,103,38,1,95,4
04:20,141,13,3,336,8
04:26,68,54,3,94,4
04:31,46,37,2,261,1
04:36,48,50,1,92,2
04:41,107,87,1,114,24
04:46,53,17,2,238,8
04:52,44,10,2,352,8
04:57,33,79,2,162,8
05:02,65,77,1,35,4
05:07,119,43,1,383,8
05:13,91,88,1,367,4
05:18,81,92,2,302,8
05:23,63,62,3,33,4
05:28,149,80,3,149,8
05:33,65,38,1,254,2
05:39,94,71,3,340,4
05:44,91,91,1,108,8
05:49,52,43,1,319,1
05:54,45,38,42,196,1
06:00,63,48,1,337,2
06:01,97,30,2,191,4
06:03,84,1,2,182,8
06:05,65,50,2,280,2
06:07,59,48,1,290,2
06:09,136,34,1,265,8
06:10,60,59,2,215,24
06:12,67,3,1,94,8
06:14,15,64,2,365,8
06:16,142,41,2,391,8
06:18,73,39,1,382,4
06:20,120,72,2,91,8
06:21,98,79,2,6,4
06:23,114,96,1,101,8
06:25,57,57,1,98,4
06:27,148,77,2,254,8
06:29,48,40,1,19,2
06:30,76,66,2,148,4
06:32,32,20,1,56,8
06:34,59,37,2,304,1
06:36,46,36,2,338,2
06:38,72,61,1,233,4
06:40,42,61,2,263,8
06:41,82,61,1,361,4
06:43,46,33,2,105,1
06:45,69,59,1,151,2
06:47,87,44,2,32,8
06:49,83,71,1,197,8
06:50,52,61,2,355,8
06:52,66,55,1,201,8
06:54,72,44,1,93,4
06:56,82,98,1,263,8
06:58,85,40,2,311,4
07:00,99,40,2,366,8
07:01,60,84,2,140,4
07:03,124,50,2,340,8
07:05,54,56,2,129,2
07:07,58,81,1,124,4
07:09,109,24,1,60,8
07:10,54,41,1,376,1
07:12,56,59,1,338,2
07:14,84,76,2,202,4
07:16,49,94,1,200,8
07:18,53,33,2,336,1
07:20,72,71,2,30,4
07:21,10,72,2,292,8
07:23,101,19,2,22,24
07:25,109,64,2,123,8
07:27,4,54,2,62,8
07:29,75,51,1,47,8
07:31,64,70,2,280,4
07:32,127,56,2,300,8
07:34,47,57,1,334,4
07:36,110,5,1,103,8
07:38,61,89,2,71,4
07:40,20,61,1,262,8
07:41,50,34,2,323,2
07:43,64,45,1,199,4
07:45,70,95,1,318,8
07:47,47,32,2,105,1
07:49,74,44,1,101,2
07:51,87,76,2,80,4
07:52,9,61,2,126,8
07:54,49,40,2,52,1
07:56,57,43,2,86,1
07:58,68,1,64,177,24
08:00,55,54,2,222,2
08:04,54,39,1,28,1
08:08,67,58,2,22,2
08:12,100,73,2,131,4
08:17,46,35,2,333,1
08:21,56,44,1,113,2
08:25,102,46,1,109,4
08:30,51,44,2,381,1
08:34,68,33,2,91,2
08:38,96,68,2,292,4
08:42,116,40,2,290,8
08:47,53,42,1,53,1
08:51,70,59,1,206,2
08:55,60,48,1,282,4
09:00,25,13,1,136,8
09:04,58,39,2,152,1
09:08,51,37,2,362,2
09:12,45,43,2,88,4
09:17,60,24,1,192,8
09:21,100,18,2,45,8
09:25,61,44,2,115,2
09:30,50,36,1,156,1
09:34,48,53,1,151,2
09:38,80,56,2,114,4
09:42,58,42,2,328,1
09:47,45,49,2,368,2
09:51,77,51,2,347,4
09:55,109,42,11,4,8
10:00,56,44,3,72,1
10:06,46,37,4,334,2
10:12,102,43,4,79,4
10:18,65,29,3,360,8
10:24,46,42,4,142,1
10:30,58,34,2,306,2
10:36,97,65,2,70,4
10:42,49,93,3,124,8
10:48,45,40,4,158,1
10:54,52,39,3,313,2
11:00,76,74,4,299,4
11:06,109,73,4,324,8
11:12,55,72,2,308,4
11:18,51,51,3,147,2
11:24,52,32,4,176,1
11:30,53,41,2,36,2
11:36,57,37,2,98,4
11:42,47,36,4,61,1
11:48,49,51,3,39,2
11:54,49,38,25,174,1
12:00,95,60,2,126,4
12:02,51,32,1,44,1
12:04,56,51,1,297,2
12:07,51,83,2,329,4
12:09,56,69,2,209,8
12:12,52,35,1,314,1
12:14,50,37,2,189,2
12:17,66,84,1,176,4
12:19,128,7,1,282,8
12:22,53,35,1,272,1
12:24,67,37,2,31,2
12:26,91,37,2,256,4
12:29,80,8,2,146,8
12:31,53,43,1,214,1
12:34,46,36,2,90,2
12:36,57,35,2,139,1
12:39,60,59,2,191,2
12:41,46,46,2,295,4
12:44,54,40,1,188,1
12:46,73,50,1,129,2
12:49,49,57,2,191,4
12:51,54,38,2,396,1
12:53,52,41,1,187,2
12:56,69,52,1,373,4
12:58,130,38,2,278,8
13:01,56,35,2,334,1
13:03,55,54,2,181,2
13:06,45,48,1,309,4
13:08,51,63,1,336,8
13:11,51,39,1,256,1
13:13,49,54,2,305,2
13:15,73,70,2,43,4
13:18,70,7,2,311,8
13:20,47,33,1,294,1
13:23,63,47,1,345,2
13:25,55,39,1,48,1
13:28,48,53,1,27,2
13:30,57,80,2,41,4
13:33,52,41,2,132,1
13:35,65,42,1,384,2
13:38,63,35,1,391,4
13:40,58,33,2,76,1
13:42,49,59,1,235,2
13:45,57,74,2,138,4
13:47,87,98,2,173,8
13:50,52,39,1,109,1
13:52,47,53,2,284,2
13:55,74,64,2,2,4
13:57,45,36,54,287,1
14:00,30,43,1,270,8
14:01,53,43,1,206,1
14:03,47,50,2,193,2
14:05,53,35,1,16,4
14:07,32,48,2,397,8
14:09,29,34,2,313,8
14:11,71,38,2,69,2
14:13,47,37,2,83,1
14:15,48,56,2,68,2
14:17,50,31,1,90,4
14:19,57,41,1,177,1
14:21,54,50,1,168,2
14:23,63,60,1,160,4
14:25,51,39,1,324,1
14:27,71,53,1,136,2
14:29,77,88,2,292,4
14:31,65,67,1,41,8
14:32,57,32,2,191,1
14:34,53,49,2,58,2
14:36,78,54,2,179,4
14:38,113,71,2,23,8
14:40,48,38,2,361,1
14:42,53,51,1,296,2
14:44,53,48,1,186,4
14:46,149,16,1,88,8
14:48,82,35,1,170,4
14:50,59,48,2,112,2
14:52,57,36,1,32,1
14:54,65,54,1,172,2
14:56,80,73,1,89,4
14:58,49,33,2,230,1
15:00,60,30,2,280,2
15:02,65,87,2,288,4
15:04,52,43,2,285,1
15:05,53,42,2,96,2
15:07,81,38,1,51,4
15:09,149,70,2,187,8
15:11,50,33,2,67,1
15:13,61,35,2,379,2
15:15,97,83,2,61,4
15:17,113,83,2,270,8
15:19,52,39,1,383,1
15:21,47,47,1,239,2
15:23,79,51,2,338,4
15:25,64,23,2,105,8
15:27,62,73,1,232,4
15:29,51,52,1,276,2
15:31,45,36,1,155,1
15:33,66,30,2,271,2
15:35,98,58,2,241,4
15:37,59,37,2,69,1
15:38,54,43,2,283,2
15:40,71,62,2,96,4
15:42,51,37,1,306,1
15:44,50,43,1,200,2
15:46,103,44,1,152,4
15:48,35,85,2,349,8
15:50,54,31,1,165,1
15:52,60,38,2,204,2
15:54,75,60,2,303,4
15:56,128,27,1,115,8
15:58,31,37,78,16,24
16:00,54,34,2,221,1
16:02,55,47,1,10,2
16:05,86,33,2,374,4
16:08,49,39,1,51,1
16:10,65,43,1,19,2
16:13,103,47,1,338,4
16:16,58,32,1,221,1
16:19,52,55,1,138,2
16:21,63,49,1,386,4
16:24,136,75,2,151,8
16:27,52,30,2,259,1
16:30,60,33,1,320,2
16:32,96,66,1,58,4
16:35,129,96,2,278,8
16:38,49,36,1,51,1
16:40,52,40,1,149,2
16:43,77,55,2,50,4
16:46,13,26,1,74,8
16:49,46,44,1,188,1
16:51,132,48,1,259,8
16:54,55,40,2,252,1
16:57,63,51,2,355,2
17:00,89,75,2,117,4
17:02,54,33,2,102,1
17:05,62,30,1,44,2
17:08,95,71,2,277,4
17:10,51,34,2,63,1
17:13,46,53,2,316,2
17:16,53,39,1,305,4
17:19,72,31,1,98,8
17:21,54,42,1,37,1
17:24,57,55,2,174,2
17:27,55,40,2,59,4
17:30,74,81,2,192,8
17:32,57,36,1,230,1
17:35,73,48,2,148,2
17:38,81,87,1,180,4
17:41,64,83,1,360,8
17:43,56,35,2,218,1
17:46,49,40,2,360,1
17:49,48,39,1,53,1
17:51,55,33,1,317,2
17:54,94,83,1,70,4
17:57,57,33,65,246,1
18:00,54,39,1,327,1
18:01,49,42,2,165,2
18:03,78,36,2,322,4
18:05,56,38,2,263,1
18:07,53,36,1,190,2
18:09,104,49,2,345,4
18:11,92,87,2,77,8
18:13,57,34,1,66,1
18:15,67,43,2,57,2
18:16,73,82,1,304,4
18:18,17,4,1,83,8
18:20,48,39,2,98,1
18:22,46,36,2,217,2
18:24,73,60,2,31,4
18:26,108,98,2,365,8
18:28,88,99,2,40,24
18:30,106,17,2,396,24
18:31,45,35,1,190,1
18:33,57,45,2,95,2
18:35,97,51,2,356,4
18:37,53,41,1,335,1
18:39,68,44,1,225,2
18:41,70,51,2,87,4
18:43,53,37,1,27,1
18:45,65,31,1,53,2
18:46,96,85,2,126,4
18:48,128,14,1,174,8
18:50,49,44,1,128,1
18:52,65,51,2,195,2
18:54,90,62,1,287,4
18:56,92,85,1,292,8
18:58,49,30,1,271,1
19:00,48,40,2,124,2
19:02,78,56,2,168,4
19:03,124,4,1,24,8
19:05,71,44,1,311,2
19:07,56,44,2,182,1
19:09,58,35,1,400,1
19:11,49,40,1,35,2
19:13,103,68,1,326,4
19:15,55,36,1,331,1
19:17,70,35,1,366,2
19:18,54,51,1,262,4
19:20,53,33,1,205,1
19:22,50,55,2,5,2
19:24,59,67,2,18,4
19:26,42,15,2,176,8
19:28,52,33,2,327,1
19:30,57,51,2,68,2
19:32,51,43,1,280,4
19:33,61,95,2,137,8
19:35,47,35,1,296,1
19:37,60,47,1,70,2
19:39,76,56,1,209,4
19:41,68,67,1,93,8
19:43,65,50,2,90,2
19:45,85,64,2,213,4
19:47,56,34,2,278,1
19:49,73,52,1,282,2
19:50,64,32,2,316,4
19:52,49,36,1,109,1
19:54,57,30,2,60,2
19:56,89,58,1,204,4
19:58,88,56,48,73,4
20:00,52,32,2,181,1
20:05,47,45,2,242,2
20:10,86,42,2,60,4
20:15,103,62,1,383,8
20:20,51,35,1,6,1
20:26,57,31,2,109,2
20:31,58,54,1,353,4
20:36,83,63,3,136,8
20:41,54,35,3,388,1
20:46,72,37,1,148,2
20:52,86,37,1,87,4
20:57,91,11,2,108,8
21:02,96,36,3,77,4
21:07,51,77,1,26,4
21:13,49,38,1,158,1
21:18,70,31,2,269,2
21:23,88,31,2,319,4
21:28,53,37,3,200,1
21:33,67,47,2,281,2
21:39,103,87,3,376,4
21:44,50,32,2,314,1
21:49,63,41,3,22,2
21:54,20,32,44,19,8
22:00,64,70,1,206,4
22:06,36,87,1,273,8
22:13,54,35,1,351,1
22:20,57,42,1,352,2
22:26,89,47,1,96,4
22:33,108,67,1,358,8
22:40,53,44,1,12,1
22:46,74,41,1,299,2
22:53,75,65,1,357,4
23:00,109,79,1,109,8
23:06,30,73,1,274,24
23:13,66,44,1,82,2
23:20,56,41,1,251,1
23:26,66,44,1,116,2
23:33,91,35,1,80,4
23:40,55,39,1,345,1
23:46,71,55,1,338,2
23:53,46,85,17,175,4
