00:00,107,44,1,168,8
00:13,115,59,3,328,8
00:26,119,13,1,272,8
00:39,82,51,3,62,4
00:53,58,80,2,316,8
01:06,80,59,2,110,4
01:19,140,7,1,171,8
01:33,46,57,1,385,4
01:46,61,49,14,126,2
02:00,142,36,2,256,8
02:15,74,52,3,247,2
02:30,81,69,1,21,4
02:45,78,73,1,88,8
03:00,56,44,3,12,1
03:15,58,33,3,271,2
03:30,69,77,1,238,4
03:45,58,43,14,207,2
04:00,54,45,3,215,8
04:08,48,77,3,387,8
04:16,28,21,1,145,8
04:24,88,44,2,289,4
04:32,57,32,3,153,1
04:40,59,84,1,323,8
04:48,106,78,2,362,8
04:56,12,32,1,274,8
05:04,51,51,1,152,4
05:12,33,4,2,274,8
05:20,53,36,2,68,4
05:28,33,32,1,326,8
05:36,76,70,2,368,4
05:44,11,51,1,312,8
05:52,80,44,31,85,4
06:00,61,42,1,140,2
06:03,80,33,1,31,4
06:06,99,71,3,395,8
06:09,58,40,3,11,1
06:12,45,35,1,387,2
06:16,89,62,2,72,4
06:19,99,40,2,391,8
06:22,87,59,2,45,4
06:25,56,46,1,250,2
06:29,91,68,3,44,8
06:32,59,35,3,77,4
06:35,129,76,3,146,8
06:38,143,47,3,55,8
06:42,104,68,1,266,8
06:45,71,63,2,378,4
06:48,145,46,3,2,8
06:51,84,85,3,353,4
06:55,1,44,2,267,8
06:58,77,36,2,185,4
07:01,18,82,2,69,8
07:04,62,33,1,202,2
07:08,64,87,3,137,4
07:11,118,81,3,64,8
07:14,59,30,3,147,1
07:17,55,41,1,162,2
07:21,69,31,2,175,4
07:24,138,5,3,224,8
07:27,56,36,3,394,2
07:30,75,18,1,322,24
07:33,63,49,1,388,8
07:37,73,37,3,206,2
07:40,44,61,1,70,8
07:43,8,79,3,225,8
07:46,113,64,1,58,8
07:50,83,48,2,21,4
07:53,28,43,2,157,8
07:56,66,30,39,366,2
08:00,66,30,1,190,2
08:09,49,33,2,132,1
08:18,48,46,2,118,2
08:27,104,56,1,76,4
08:36,45,32,2,265,1
08:46,70,51,2,308,2
08:55,69,45,2,140,4
09:04,52,43,2,59,1
09:13,65,37,1,193,2
09:23,51,68,1,328,4
09:32,133,72,1,128,8
09:41,48,43,1,51,1
09:50,64,50,19,376,2
10:00,49,53,1,146,2
10:05,79,51,2,203,4
10:10,106,28,2,121,8
10:15,56,40,1,99,1
10:20,59,59,2,167,2
10:26,48,78,2,301,4
10:31,100,70,1,200,8
10:36,81,1,2,95,24
10:41,46,43,2,342,2
10:46,57,30,2,65,1
10:52,61,30,1,348,2
10:57,78,80,2,177,4
11:02,50,32,1,294,1
11:07,69,39,2,273,2
11:13,65,58,2,182,4
11:18,48,32,2,265,1
11:23,54,59,2,97,2
11:28,95,58,1,368,4
11:33,131,48,1,79,8
11:39,53,31,1,86,1
11:44,54,41,1,187,2
11:49,83,89,1,347,4
11:54,50,32,22,196,1
12:00,105,84,3,171,8
12:05,53,35,1,348,1
12:10,62,54,1,337,2
12:16,66,54,2,81,4
12:21,147,40,3,227,8
12:27,55,36,3,392,1
12:32,50,41,1,159,2
12:38,53,39,2,371,1
12:43,49,42,2,80,2
12:49,73,32,1,306,4
12:54,47,35,3,176,1
12:59,72,35,1,34,2
13:05,96,61,3,105,4
13:10,50,43,1,364,1
13:16,47,55,2,74,2
13:21,66,71,1,206,4
13:27,34,21,3,275,8
13:32,46,36,1,61,1
13:38,56,31,2,189,2
13:43,66,78,3,208,4
13:48,89,79,1,291,8
13:54,53,42,45,149,1
14:00,45,35,1,14,1
14:02,68,59,2,170,2
14:04,96,88,1,285,4
14:07,89,4,2,245,8
14:09,48,32,2,340,1
14:11,66,43,1,236,2
14:14,51,41,1,234,1
14:16,69,39,1,148,2
14:18,89,42,2,219,4
14:21,59,43,2,253,1
14:23,70,37,2,204,2
14:25,66,66,2,354,4
14:28,45,43,1,94,1
14:30,72,48,1,359,2
14:32,100,35,2,72,4
14:35,5,44,1,384,8
14:37,49,33,1,189,1
14:39,71,58,1,359,2
14:42,93,86,1,105,4
14:44,145,27,2,178,8
14:46,53,32,2,153,1
14:49,60,40,1,244,2
14:51,54,48,1,69,4
14:54,98,2,2,162,8
14:56,144,13,2,131,8
14:58,67,59,2,365,2
15:01,58,33,2,143,1
15:03,68,49,2,194,2
15:05,71,88,2,23,4
15:08,58,42,1,327,1
15:10,72,36,1,272,2
15:12,87,79,1,196,4
15:15,56,42,1,220,1
15:17,47,54,1,160,2
15:19,95,41,2,330,4
15:22,61,6,2,69,8
15:24,58,36,2,260,1
15:26,51,44,1,209,2
15:29,69,57,1,117,4
15:31,139,88,1,363,8
15:33,58,42,1,270,1
15:36,52,46,2,331,2
15:38,56,56,1,4,4
15:41,123,22,2,316,8
15:43,89,82,1,84,4
15:45,62,40,2,299,2
15:48,57,44,1,93,1
15:50,48,58,2,296,2
15:52,96,75,2,72,4
15:55,48,34,1,54,1
15:57,15,88,42,262,24
16:00,45,33,2,224,1
16:03,73,49,1,335,2
16:06,52,47,2,188,4
16:09,57,38,2,183,1
16:12,52,42,2,154,2
16:15,57,83,2,29,4
16:18,53,37,1,342,1
16:21,73,52,1,39,2
16:24,93,60,1,138,4
16:27,131,61,2,228,8
16:30,51,44,2,143,1
16:33,68,41,1,389,2
16:36,65,64,2,330,4
16:39,75,95,1,370,8
16:42,58,43,2,308,1
16:45,70,49,1,27,2
16:48,56,51,2,120,4
16:51,101,1,2,364,8
16:54,107,52,1,291,8
16:57,93,30,2,150,4
17:00,46,39,1,49,1
17:03,50,33,2,255,2
17:06,99,80,1,71,4
17:09,54,43,2,8,1
17:12,65,56,2,144,2
17:15,92,56,1,365,4
17:18,55,44,2,107,1
17:21,63,31,1,198,2
17:24,98,37,1,139,4
17:27,108,77,2,7,8
17:30,50,38,1,177,1
17:33,65,49,1,79,2
17:36,77,34,1,294,4
17:39,28,15,2,272,8
17:42,50,31,1,323,1
17:45,45,51,2,264,2
17:48,104,77,1,220,4
17:51,70,61,1,223,8
17:54,44,84,1,240,8
17:57,108,80,27,259,8
18:00,89,58,2,223,4
18:03,49,34,3,28,1
18:07,69,47,3,115,2
18:11,69,37,3,375,4
18:15,48,44,2,367,1
18:19,70,35,1,52,2
18:23,102,45,3,258,4
18:27,54,44,1,168,1
18:30,73,59,2,97,2
18:34,50,76,1,142,4
18:38,134,31,2,193,8
18:42,59,39,2,371,1
18:46,72,44,1,372,2
18:50,87,74,3,243,4
18:54,44,66,2,360,8
18:58,57,35,2,205,1
19:01,60,30,2,224,2
19:05,68,82,1,332,4
19:09,68,91,1,139,8
19:13,55,46,3,289,2
19:17,133,37,3,269,8
19:21,50,33,1,148,1
19:25,72,53,3,77,2
19:29,96,87,2,88,4
19:32,46,35,1,312,1
19:36,57,34,3,216,2
19:40,55,86,1,217,4
19:44,54,33,1,342,1
19:48,71,37,2,56,2
19:52,88,40,2,247,4
19:56,54,34,36,120,2
20:00,149,33,1,34,8
20:03,47,41,1,61,1
20:07,55,52,1,242,2
20:11,100,60,1,135,4
20:15,55,42,1,161,8
20:19,50,31,1,354,1
20:23,56,50,1,377,2
20:27,67,43,1,90,4
20:30,73,7,1,251,8
20:34,74,67,1,189,4
20:38,79,97,1,16,8
20:42,55,39,1,370,1
20:46,55,36,1,139,2
20:50,96,68,1,395,4
20:54,53,31,1,223,1
20:58,67,59,1,273,2
21:01,93,57,1,38,4
21:05,51,33,1,211,1
21:09,56,53,1,116,2
21:13,80,64,1,23,4
21:17,44,86,1,157,8
21:21,53,37,1,363,1
21:25,74,43,1,335,2
21:29,104,44,1,311,4
21:32,109,21,1,153,8
21:36,48,35,1,246,1
21:40,52,47,1,366,2
21:44,52,74,1,265,4
21:48,142,74,1,58,8
21:52,77,70,1,318,8
21:56,62,35,28,128,2
22:00,35,63,1,17,24
22:15,51,38,3,270,1
22:30,47,30,1,27,2
22:45,92,74,3,187,4
23:00,55,32,3,55,1
23:15,62,54,2,346,2
23:30,52,38,1,208,4
23:45,52,33,10,25,1
