00:00,79,85,2,304,8
00:06,80,54,1,196,8
00:12,25,88,2,91,8
00:18,103,38,1,102,4
00:24,22,23,2,309,8
00:30,99,63,1,382,4
00:36,96,77,2,137,8
00:42,47,54,2,377,4
00:48,25,12,1,272,8
00:54,48,58,1,119,2
01:00,61,49,2,124,4
01:06,124,71,2,291,8
01:12,59,40,2,324,1
01:18,49,45,1,271,2
01:24,82,78,1,62,4
01:30,124,80,2,259,8
01:36,85,36,2,307,4
01:42,55,32,2,274,1
01:48,108,1,2,207,24
01:54,42,97,18,6,8
02:00,1,53,1,257,24
02:05,52,31,2,240,8
02:10,127,85,1,105,8
02:15,76,16,2,273,8
02:20,79,45,2,93,4
02:25,114,17,1,155,8
02:30,69,75,1,17,4
02:35,136,71,2,223,8
02:40,85,67,2,98,4
02:45,105,20,1,158,8
02:50,65,52,1,316,2
02:55,103,47,2,291,4
03:00,108,17,1,39,8
03:05,52,39,1,318,1
03:10,66,46,2,118,2
03:15,54,75,1,161,4
03:20,27,37,1,291,8
03:25,2,49,2,7,8
03:30,72,59,1,264,2
03:35,126,23,2,64,24
03:40,51,38,1,356,1
03:45,125,72,1,183,8
03:50,134,31,1,80,8
03:55,55,40,20,36,2
04:00,62,31,2,136,8
04:02,68,56,2,289,4
04:05,3,99,2,342,8
04:08,82,74,1,270,4
04:10,24,89,2,391,8
04:13,57,45,1,45,4
04:16,104,78,1,9,8
04:19,51,34,2,286,2
04:21,74,55,1,186,4
04:24,130,43,2,281,8
04:27,50,39,2,384,1
04:30,54,30,2,162,2
04:32,100,81,2,263,4
04:35,65,9,2,103,8
04:38,51,38,1,151,1
04:40,74,35,2,345,2
04:43,57,43,1,37,1
04:46,84,80,1,220,4
04:49,26,52,2,83,8
04:51,35,70,1,12,8
04:54,47,58,1,51,8
04:57,75,64,1,24,4
05:00,102,44,2,269,8
05:02,88,52,2,217,4
05:05,16,43,2,342,8
05:08,91,68,2,6,4
05:10,67,72,2,129,8
05:13,65,40,1,392,2
05:16,83,31,2,252,4
05:19,29,46,1,298,8
05:21,50,39,1,92,1
05:24,63,38,2,199,2
05:27,102,44,2,364,4
05:30,55,6,2,380,8
05:32,138,94,1,151,24
05:35,70,53,1,365,8
05:38,53,3,2,278,24
05:41,147,14,1,167,8
05:43,147,89,1,326,8
05:46,58,31,2,33,8
05:49,73,97,2,27,8
05:51,94,86,1,13,4
05:54,125,29,1,374,8
05:57,48,45,38,124,4
06:00,72,45,1,79,4
06:01,106,3,1,19,8
06:02,81,37,1,1,4
06:03,17,92,1,235,8
06:04,55,35,1,308,2
06:05,53,46,1,50,4
06:06,1,43,1,135,8
06:07,52,35,1,239,1
06:08,63,48,1,72,2
06:10,92,36,1,129,4
06:11,2,36,1,381,8
06:12,51,33,1,328,1
06:13,136,24,1,157,8
06:14,55,37,1,155,2
06:15,44,58,1,375,8
06:16,58,28,1,61,8
06:17,13,15,1,394,8
06:19,15,13,1,313,8
06:20,83,81,1,33,4
06:21,49,17,1,135,8
06:22,95,53,1,39,4
06:23,103,56,1,138,8
06:24,86,73,1,193,4
06:25,147,81,1,381,8
06:26,47,40,1,108,2
06:28,73,51,1,153,4
06:29,88,43,1,224,8
06:30,55,43,1,334,1
06:31,64,30,1,247,2
06:32,53,51,1,109,4
06:33,2,17,1,73,8
06:34,14,97,1,399,8
06:35,71,38,1,204,2
06:36,25,99,1,37,24
06:38,71,49,1,337,2
06:39,43,81,1,145,8
06:40,114,3,1,186,8
06:41,122,66,1,354,8
06:42,93,73,1,121,4
06:43,114,57,1,13,8
06:44,88,56,1,248,4
06:45,122,62,1,321,8
06:47,53,37,1,177,4
06:48,133,87,1,94,8
06:49,53,36,1,382,2
06:50,89,40,1,247,4
06:51,73,91,1,349,8
06:52,57,44,1,16,1
06:53,55,32,1,228,2
06:54,94,85,1,146,4
06:56,24,75,1,32,8
06:57,71,37,1,123,2
06:58,53,35,1,114,1
06:59,54,83,1,139,4
07:00,81,33,1,35,4
07:01,87,62,1,347,8
07:02,82,23,1,222,8
07:03,82,52,1,306,8
07:04,83,73,1,386,4
07:06,27,19,1,371,8
07:07,80,73,1,189,4
07:08,148,76,1,389,8
07:09,101,66,1,320,4
07:10,70,14,1,237,8
07:11,58,34,1,385,2
07:12,69,66,1,338,4
07:13,12,55,1,336,8
07:15,54,33,1,397,1
07:16,47,43,1,233,2
07:17,54,80,1,51,4
07:18,39,23,1,201,8
07:19,84,25,1,42,8
07:20,46,33,1,88,1
07:21,62,54,1,240,8
07:22,38,2,1,81,24
07:24,56,91,1,397,8
07:25,2,81,1,44,8
07:26,98,77,1,108,8
07:27,52,36,1,235,4
07:28,95,11,1,1,8
07:29,47,57,1,257,4
07:30,46,79,1,387,8
07:31,58,60,1,99,4
07:32,140,93,1,279,8
07:34,63,33,1,239,2
07:35,49,59,1,185,4
07:36,96,51,1,353,8
07:37,49,32,1,81,1
07:38,68,41,1,61,2
07:39,61,86,1,244,4
07:40,120,78,1,389,8
07:41,24,52,1,60,24
07:43,56,31,1,352,1
07:44,57,32,1,314,1
07:45,99,4,1,239,24
07:46,140,70,1,179,8
07:47,105,1,1,294,8
07:48,126,92,1,16,8
07:49,89,69,1,377,4
07:50,103,99,1,400,8
07:52,92,79,1,120,4
07:53,52,67,1,190,8
07:54,91,88,1,358,4
07:55,102,96,1,310,8
07:56,65,50,1,90,2
07:57,73,53,1,178,4
07:58,134,56,105,28,24
08:00,57,40,2,83,2
08:03,48,41,1,248,1
08:07,68,40,1,138,2
08:11,50,35,2,129,4
08:15,52,42,1,269,1
08:19,47,51,1,304,2
08:23,63,69,1,358,4
08:27,55,37,1,307,1
08:30,65,57,2,334,2
08:34,102,86,1,2,4
08:38,10,53,2,154,8
08:42,56,40,1,96,1
08:46,72,34,1,381,2
08:50,77,76,1,64,4
08:54,15,93,1,256,8
08:58,48,40,2,13,1
09:01,52,59,1,317,2
09:05,92,58,2,156,4
09:09,149,89,1,265,8
09:13,128,24,2,19,24
09:17,60,45,1,332,2
09:21,47,37,1,216,1
09:25,56,50,2,86,2
09:29,51,56,2,124,4
09:32,57,44,1,376,1
09:36,57,42,1,231,2
09:40,53,53,2,273,4
09:44,54,39,1,296,1
09:48,67,31,1,305,2
09:52,102,40,2,25,4
09:56,14,9,27,257,8
10:00,77,26,1,284,8
10:02,48,34,2,73,1
10:05,60,30,2,15,2
10:08,53,34,2,347,4
10:10,67,83,1,159,8
10:13,48,31,1,348,1
10:16,63,52,2,103,2
10:18,67,45,1,340,4
10:21,69,86,2,339,8
10:24,122,80,1,42,8
10:26,54,33,1,230,2
10:29,52,41,1,248,1
10:32,58,46,2,137,2
10:34,45,87,2,133,4
10:37,57,38,2,206,1
10:40,52,33,1,183,2
10:42,45,81,1,328,4
10:45,57,42,1,142,1
10:48,61,48,2,359,2
10:50,78,38,1,52,4
10:53,89,1,1,156,8
10:56,45,30,1,365,1
10:58,45,44,1,120,2
11:01,46,84,2,147,4
11:04,49,39,2,389,8
11:06,57,36,2,395,1
11:09,45,35,1,53,2
11:12,101,42,2,56,4
11:14,25,59,2,30,8
11:17,57,40,2,312,1
11:20,46,56,2,222,2
11:22,57,44,2,201,1
11:25,52,40,2,133,2
11:28,72,39,2,202,4
11:30,48,43,2,35,1
11:33,72,46,2,43,2
11:36,83,69,2,382,4
11:38,52,33,2,256,1
11:41,68,58,1,348,2
11:44,93,80,2,236,4
11:46,143,65,1,256,8
11:49,52,37,1,395,1
11:52,57,37,1,305,2
11:54,86,38,1,289,4
11:57,54,35,36,93,2
12:00,55,7,1,345,8
12:03,49,39,4,103,1
12:07,54,38,1,192,2
12:10,59,48,1,267,4
12:14,87,15,4,144,8
12:17,82,97,3,381,8
12:21,69,45,2,94,2
12:24,59,36,1,383,1
12:28,68,54,3,284,2
12:31,80,70,1,310,4
12:35,50,38,4,204,1
12:38,60,53,1,371,2
12:42,49,33,2,122,4
12:45,46,31,4,320,1
12:49,63,42,2,221,2
12:52,95,57,3,268,4
12:56,146,64,4,242,8
13:00,50,37,2,180,1
13:03,74,40,1,57,2
13:07,82,30,4,137,4
13:10,145,22,2,397,8
13:14,58,33,3,180,1
13:17,60,59,4,71,2
13:21,92,50,3,332,4
13:24,131,89,2,362,8
13:28,54,43,4,325,2
13:31,56,45,4,250,2
13:35,55,34,1,218,1
13:38,63,42,4,172,2
13:42,84,74,1,174,4
13:45,48,30,3,305,1
13:49,59,44,1,97,2
13:52,86,33,2,347,4
13:56,66,52,75,393,2
14:00,49,43,2,135,1
14:01,71,59,2,94,2
14:02,62,73,1,37,4
14:03,57,89,2,295,8
14:05,45,38,2,98,1
14:06,49,43,1,377,2
14:07,73,37,2,208,4
14:09,128,61,1,192,8
14:10,50,35,1,303,1
14:11,66,57,1,48,2
14:12,87,36,1,393,4
14:14,105,44,2,173,8
14:15,89,64,1,87,4
14:16,72,33,2,214,2
14:18,57,32,2,290,1
14:19,49,46,2,200,2
14:20,77,34,1,23,4
14:21,50,42,1,73,1
14:23,68,35,2,216,2
14:24,82,60,2,383,4
14:25,53,34,2,98,1
14:27,52,47,2,255,2
14:28,65,83,2,259,4
14:29,13,2,1,158,8
14:30,52,38,2,58,1
14:32,67,49,2,354,2
14:33,56,84,1,381,4
14:34,136,19,1,306,8
14:36,45,44,1,128,1
14:37,60,35,1,378,2
14:38,47,52,1,346,4
14:39,38,19,2,152,8
14:41,46,44,1,12,1
14:42,65,58,1,86,2
14:43,48,41,2,197,1
14:45,51,38,1,158,2
14:46,83,30,1,5,4
14:47,47,44,1,214,1
14:49,58,54,1,53,2
14:50,73,50,1,55,4
14:51,48,32,1,310,1
14:52,52,53,1,80,2
14:54,77,83,2,116,4
14:55,91,45,2,359,8
14:56,49,33,2,38,1
14:58,60,39,2,13,2
14:59,95,65,2,262,4
15:00,80,18,2,29,8
15:01,59,42,1,315,1
15:03,45,46,2,354,2
15:04,82,86,2,244,4
15:05,55,59,2,209,8
15:07,83,63,1,52,8
15:08,48,34,2,178,2
15:09,51,34,2,263,1
15:10,45,40,1,143,2
15:12,53,71,2,385,4
15:13,58,36,1,212,1
15:14,45,52,2,43,2
15:16,60,35,1,94,4
15:17,46,38,2,42,1
15:18,67,30,2,65,2
15:19,46,51,1,109,4
15:21,116,91,1,193,8
15:22,51,43,2,277,1
15:23,51,33,1,305,2
15:25,77,82,1,281,4
15:26,91,18,1,151,8
15:27,52,31,1,276,1
15:29,59,58,2,30,2
15:30,103,52,2,118,4
15:31,26,67,1,61,8
15:32,2,99,2,163,24
15:34,58,55,2,150,2
15:35,47,34,1,63,1
15:36,53,37,2,286,2
15:38,76,75,1,348,4
15:39,59,34,2,138,1
15:40,58,58,1,24,2
15:41,76,39,2,383,4
15:43,48,39,2,27,1
15:44,65,52,2,37,2
15:45,76,67,1,191,4
15:47,11,87,2,147,8
15:48,56,42,1,396,1
15:49,52,37,1,343,2
15:50,47,85,1,28,4
15:52,9,56,2,152,8
15:53,57,33,2,353,1
15:54,49,32,1,311,2
15:56,79,86,1,332,4
15:57,6,97,1,283,8
15:58,109,51,74,349,8
16:00,59,42,2,305,1
16:01,53,48,2,98,2
16:03,88,46,2,176,4
16:04,47,37,2,305,1
16:06,57,33,2,312,2
16:08,82,64,1,148,4
16:09,51,35,2,393,1
16:11,53,33,1,292,2
16:12,79,35,1,392,4
16:14,36,11,2,297,8
16:16,59,36,2,176,1
16:17,56,49,2,155,2
16:19,98,87,1,123,4
16:21,126,1,2,153,8
16:22,57,43,2,186,1
16:24,65,49,2,87,2
16:25,77,61,1,171,4
16:27,64,26,1,40,8
16:29,104,23,2,20,24
16:30,96,85,2,103,4
16:32,49,41,2,84,1
16:34,63,33,2,119,2
16:35,88,70,1,96,4
16:37,46,40,1,303,1
16:38,53,57,1,293,2
16:40,93,50,2,364,4
16:42,45,42,1,283,1
16:43,55,31,2,119,2
16:45,80,85,1,131,4
16:46,7,19,1,200,8
16:48,53,44,2,253,1
16:50,46,41,2,8,2
16:51,68,50,1,317,4
16:53,106,15,1,94,8
16:55,55,38,1,231,1
16:56,47,56,2,254,2
16:58,69,75,1,233,4
16:59,131,74,1,229,8
17:01,105,93,1,218,8
17:03,80,35,2,379,4
17:04,48,44,2,304,1
17:06,48,59,2,387,2
17:08,84,39,2,387,4
17:09,54,32,2,186,1
17:11,60,34,2,318,2
17:12,101,35,1,177,4
17:14,57,44,2,155,1
17:16,72,36,1,81,2
17:17,75,47,1,60,4
17:19,51,16,1,111,8
17:21,54,43,2,57,1
17:22,46,30,2,352,2
17:24,45,77,1,29,4
17:25,70,10,1,18,8
17:27,52,38,2,286,1
17:29,53,36,1,195,2
17:30,67,63,2,277,4
17:32,147,61,1,170,8
17:33,56,69,2,23,4
17:35,53,40,2,263,1
17:37,50,41,1,215,1
17:38,55,59,1,78,2
17:40,54,33,2,44,4
17:42,55,43,1,233,1
17:43,70,46,1,217,2
17:45,101,85,1,215,4
17:46,52,36,1,80,1
17:48,60,34,1,390,2
17:50,103,44,2,84,4
17:51,33,57,2,258,8
17:53,52,39,1,150,1
17:55,47,47,1,158,2
17:56,62,44,1,362,4
17:58,49,35,43,129,1
18:00,41,74,2,25,8
18:02,59,43,1,351,1
18:04,64,50,2,73,2
18:06,76,30,1,178,4
18:08,112,75,2,393,8
18:10,87,54,1,45,4
18:12,56,43,1,169,1
18:14,52,37,1,208,1
18:16,45,30,1,363,2
18:18,75,36,1,243,4
18:20,53,40,1,124,1
18:22,74,52,1,85,2
18:24,45,49,1,144,4
18:26,54,39,1,295,1
18:28,46,47,1,70,2
18:30,92,47,2,369,4
18:32,147,17,1,178,8
18:34,56,42,2,311,1
18:36,48,45,1,368,2
18:38,69,33,2,282,4
18:40,11,22,1,216,8
18:42,51,34,1,341,1
18:44,70,59,2,336,2
18:46,60,35,1,327,4
18:48,132,1,2,115,8
18:50,95,17,1,127,24
18:52,80,81,2,305,4
18:54,57,36,2,33,1
18:56,57,34,2,6,2
18:58,99,43,2,367,4
19:00,46,30,1,394,1
19:02,73,46,2,97,2
19:04,64,76,1,361,4
19:06,56,41,1,324,1
19:08,68,33,2,56,2
19:10,61,60,2,345,4
19:12,134,80,1,59,8
19:14,52,33,2,254,1
19:16,65,57,1,196,2
19:18,47,71,1,362,4
19:20,48,46,1,247,8
19:22,46,36,1,245,1
19:24,68,31,1,262,2
19:26,87,63,1,189,4
19:28,113,91,1,252,8
19:30,51,8,2,289,8
19:32,48,32,2,345,1
19:34,55,31,2,377,1
19:36,48,38,1,46,2
19:38,90,47,2,127,4
19:40,55,38,2,293,1
19:42,48,43,2,131,2
19:44,60,82,2,99,4
19:46,51,35,1,99,1
19:48,50,55,2,336,2
19:50,99,87,1,328,4
19:52,13,79,1,250,8
19:54,58,32,2,353,1
19:56,54,37,1,35,2
19:58,55,40,88,190,2
20:00,76,66,2,62,4
20:03,57,18,2,216,8
20:06,57,44,2,299,1
20:09,58,50,1,173,2
20:12,61,75,1,72,4
20:15,88,67,1,141,8
20:18,69,50,2,265,4
20:22,51,53,1,284,2
20:25,47,34,2,370,1
20:28,46,48,1,38,2
20:31,74,55,1,315,4
20:34,52,38,2,270,1
20:37,49,55,1,157,2
20:41,47,44,1,390,4
20:44,55,43,1,276,1
20:47,63,53,1,329,2
20:50,57,80,2,132,4
20:53,94,6,1,68,8
20:56,53,32,1,144,1
21:00,46,38,1,54,2
21:03,97,58,2,271,4
21:06,113,34,1,381,8
21:09,48,44,1,32,1
21:12,51,35,2,291,2
21:15,91,60,1,320,4
21:19,80,11,2,355,8
21:22,52,45,2,301,2
21:25,14,96,2,193,8
21:28,56,34,1,210,1
21:31,48,55,2,296,2
21:34,73,82,2,397,4
21:37,45,42,1,157,1
21:41,50,35,1,302,2
21:44,95,84,2,251,4
21:47,48,30,1,226,1
21:50,68,56,2,108,2
21:53,76,49,2,65,4
21:56,62,69,52,398,4
22:00,22,36,4,165,8
22:12,53,40,3,295,1
22:24,69,40,2,323,2
22:36,58,44,3,69,4
22:48,149,17,2,68,8
23:00,55,36,1,22,1
23:12,65,42,4,198,2
23:24,101,70,4,231,4
23:36,46,39,1,302,8
23:48,65,35,18,206,2
