00:00,95,57,2,123,8
00:05,38,35,1,107,8
00:10,146,93,1,86,8
00:15,68,30,1,176,4
00:20,57,98,1,114,8
00:26,45,39,1,375,4
00:31,131,21,1,98,8
00:36,55,63,2,380,4
00:41,146,10,1,52,8
00:46,64,38,1,76,2
00:52,45,87,2,320,4
00:57,136,75,1,299,8
01:02,49,35,1,360,1
01:07,59,54,2,238,2
01:13,95,80,2,46,4
01:18,133,48,1,334,8
01:23,86,83,1,303,4
01:28,45,30,2,261,1
01:33,75,83,1,323,4
01:39,78,87,1,378,4
01:44,8,26,2,35,8
01:49,139,17,1,395,8
01:54,112,42,21,364,8
02:00,4,19,2,201,8
02:05,84,67,2,306,4
02:10,139,2,1,40,8
02:15,52,70,1,113,4
02:20,40,53,2,129,8
02:25,92,54,2,19,4
02:30,25,23,2,252,8
02:35,45,46,2,336,2
02:40,69,75,1,76,4
02:45,24,10,2,180,8
02:50,57,37,1,389,1
02:55,52,45,1,203,2
03:00,49,61,2,36,4
03:05,47,13,1,177,8
03:10,86,74,1,374,8
03:15,46,31,2,51,1
03:20,50,33,2,360,1
03:25,55,37,2,236,1
03:30,136,8,2,196,8
03:35,54,63,2,131,8
03:40,95,13,1,250,8
03:45,49,68,2,174,4
03:50,6,97,2,109,8
03:55,129,31,16,359,8
04:00,56,63,3,148,4
04:03,145,61,3,130,8
04:07,71,42,2,69,4
04:11,128,52,3,285,8
04:15,74,41,2,147,2
04:19,48,65,2,161,4
04:23,41,32,2,302,8
04:27,47,32,3,312,1
04:30,68,54,3,36,2
04:34,60,56,1,296,4
04:38,95,81,2,307,8
04:42,51,36,2,328,1
04:46,59,36,2,213,4
04:50,65,83,2,315,4
04:54,105,51,3,357,8
04:58,101,78,1,67,8
05:01,105,6,1,136,8
05:05,122,46,2,109,8
05:09,81,57,3,105,4
05:13,10,31,3,358,8
05:17,58,66,1,352,4
05:21,51,94,2,114,8
05:25,45,88,3,254,4
05:29,67,1,3,128,8
05:32,58,31,2,82,2
05:36,97,85,2,312,4
05:40,102,48,3,333,8
05:44,45,40,2,399,1
05:48,49,41,2,364,2
05:52,77,85,2,209,4
05:56,60,38,41,40,2
06:00,63,62,2,320,8
06:01,121,35,1,217,8
06:03,96,75,1,386,24
06:05,111,95,2,377,8
06:07,49,36,1,255,1
06:09,72,8,3,358,8
06:11,102,14,1,164,8
06:13,75,88,3,388,8
06:15,70,30,3,175,4
06:17,66,61,1,92,8
06:19,82,30,3,239,4
06:21,61,15,3,281,8
06:23,78,33,3,166,4
06:25,4,89,3,10,8
06:27,57,56,1,313,2
06:29,46,33,1,392,4
06:31,143,35,3,161,8
06:32,55,40,1,40,1
06:34,66,57,3,247,2
06:36,52,49,1,24,4
06:38,23,69,1,30,8
06:40,139,62,2,400,24
06:42,54,38,1,244,1
06:44,63,58,3,146,2
06:46,128,35,1,97,8
06:48,93,72,3,219,8
06:50,131,7,2,173,8
06:52,100,23,1,371,8
06:54,97,79,3,196,4
06:56,98,7,2,95,8
06:58,54,53,3,317,4
07:00,8,22,2,37,8
07:02,92,63,3,76,4
07:04,89,76,3,117,8
07:05,57,53,1,106,2
07:07,63,82,1,36,4
07:09,58,54,2,298,8
07:11,45,34,2,95,1
07:13,64,51,3,255,2
07:15,95,40,1,208,4
07:17,65,36,2,312,8
07:19,101,39,2,231,4
07:21,4,18,2,229,24
07:23,46,43,1,53,1
07:25,53,46,2,56,4
07:27,106,31,1,308,8
07:29,87,69,3,178,8
07:31,29,3,3,76,8
07:33,62,52,2,135,4
07:35,119,52,3,84,8
07:37,62,34,3,107,4
07:38,40,11,1,210,8
07:40,104,50,1,104,4
07:42,139,82,3,192,8
07:44,65,50,2,318,2
07:46,72,65,1,153,4
07:48,46,64,2,132,8
07:50,59,44,3,7,1
07:52,69,47,3,32,2
07:54,48,38,3,325,4
07:56,69,52,1,387,8
07:58,46,56,93,227,24
08:00,45,53,1,318,2
08:03,49,38,1,29,1
08:07,65,44,1,108,2
08:11,96,30,1,344,4
08:15,58,44,1,233,1
08:18,55,36,1,151,2
08:22,96,53,1,87,4
08:26,56,44,1,193,1
08:30,45,36,1,220,2
08:33,73,37,1,13,4
08:37,63,23,1,14,8
08:41,53,36,1,12,1
08:45,71,47,1,382,2
08:48,50,65,1,122,4
08:52,1,72,1,51,8
08:56,45,44,2,387,1
09:00,63,46,2,394,2
09:03,77,46,2,127,4
09:07,141,1,1,150,8
09:11,52,32,1,80,1
09:15,58,41,1,15,2
09:18,45,39,2,321,1
09:22,66,34,2,303,2
09:26,81,69,1,242,4
09:30,48,38,1,135,1
09:33,57,38,1,122,2
09:37,47,35,2,354,4
09:41,48,38,2,188,1
09:45,57,47,1,1,2
09:48,56,72,1,88,4
09:52,114,74,1,9,8
09:56,144,54,34,371,24
10:00,51,34,2,71,1
10:03,63,39,1,257,2
10:06,53,41,2,185,4
10:09,29,99,2,53,8
10:12,58,41,2,298,1
10:15,60,56,1,106,2
10:18,67,66,2,283,4
10:21,24,61,2,277,8
10:24,68,35,2,263,2
10:27,60,50,1,329,2
10:30,56,41,2,345,1
10:33,56,36,1,352,2
10:36,66,83,1,346,4
10:39,47,36,2,17,1
10:42,58,43,1,361,2
10:45,58,54,1,117,4
10:48,45,40,1,82,1
10:51,59,46,2,132,2
10:54,102,35,2,313,4
10:57,91,55,2,19,8
11:00,46,36,2,81,1
11:03,48,50,2,222,2
11:06,103,83,2,194,4
11:09,17,58,1,149,8
11:12,49,31,1,161,1
11:15,61,37,1,79,2
11:18,82,45,1,188,4
11:21,7,91,1,190,8
11:24,74,4,2,13,24
11:27,70,51,1,29,2
11:30,57,30,1,82,1
11:33,47,30,1,369,2
11:36,72,47,1,89,4
11:39,58,32,2,35,1
11:42,54,43,1,383,2
11:45,75,33,2,173,4
11:48,50,34,2,89,1
11:51,48,50,2,183,2
11:54,73,71,1,390,4
11:57,75,29,51,125,24
12:00,78,44,2,183,8
12:02,48,38,2,69,1
12:05,64,39,3,192,2
12:08,89,57,2,239,4
12:11,49,73,3,213,8
12:14,48,39,1,371,1
12:17,68,39,3,215,2
12:20,66,42,1,247,4
12:22,7,91,1,353,8
12:25,121,83,2,60,24
12:28,62,57,2,236,2
12:31,58,35,3,23,1
12:34,52,42,1,69,2
12:37,56,52,1,387,4
12:40,55,41,1,385,1
12:42,57,33,2,314,2
12:45,52,61,2,158,4
12:48,49,30,3,100,1
12:51,71,57,3,277,2
12:54,87,30,3,72,4
12:57,73,74,1,200,8
13:00,58,31,2,314,1
13:02,51,36,1,222,2
13:05,103,37,3,333,4
13:08,73,36,3,357,8
13:11,56,31,2,28,1
13:14,60,44,2,400,2
13:17,51,77,2,316,4
13:20,145,12,2,3,8
13:22,74,37,1,282,2
13:25,73,36,1,94,2
13:28,55,32,3,261,1
13:31,68,34,2,168,2
13:34,46,36,3,275,4
13:37,48,42,2,132,1
13:40,46,46,2,256,2
13:42,46,74,3,327,4
13:45,55,38,3,293,1
13:48,51,57,3,367,2
13:51,52,47,3,301,4
13:54,46,9,3,129,8
13:57,113,76,77,19,24
14:00,50,39,3,169,1
14:02,49,36,3,275,2
14:04,92,61,1,293,4
14:06,120,50,1,321,8
14:08,54,37,2,136,1
14:10,53,55,3,48,2
14:12,50,32,2,170,4
14:14,5,44,1,373,8
14:16,18,66,3,37,8
14:18,47,48,3,337,2
14:20,57,34,2,64,1
14:22,46,42,2,396,2
14:24,75,36,2,368,4
14:26,53,41,3,303,1
14:28,70,51,1,324,2
14:30,49,32,2,103,4
14:32,50,37,2,232,1
14:34,53,55,1,374,2
14:36,92,37,2,109,4
14:38,117,15,2,5,8
14:40,55,30,1,231,1
14:42,68,38,2,248,2
14:44,71,39,3,200,4
14:46,11,42,2,144,8
14:48,48,40,2,377,1
14:50,69,34,2,266,2
14:52,53,34,2,119,4
14:54,108,69,1,7,8
14:56,84,47,1,78,24
14:58,67,36,2,224,2
15:00,51,42,3,26,1
15:02,56,31,2,237,2
15:04,83,88,3,193,4
15:06,54,30,2,286,1
15:08,45,45,1,305,2
15:10,97,47,2,169,4
15:12,49,30,1,337,1
15:14,58,36,3,16,2
15:16,55,51,3,388,4
15:18,27,18,2,290,8
15:20,59,34,2,137,1
15:22,61,50,2,96,2
15:24,89,68,3,65,4
15:26,99,8,3,371,8
15:28,55,41,2,135,1
15:30,60,55,2,44,2
15:32,45,46,1,67,4
15:34,40,61,2,321,8
15:36,52,40,3,6,1
15:38,55,47,1,320,2
15:40,45,35,3,264,1
15:42,50,59,1,186,2
15:44,64,39,1,252,4
15:46,52,44,3,46,1
15:48,60,57,3,330,2
15:50,101,65,3,117,4
15:52,53,40,1,120,1
15:54,55,58,2,346,2
15:56,83,89,2,262,4
15:58,143,81,101,377,8
16:00,45,44,1,254,1
16:01,59,54,2,90,2
16:03,96,87,2,343,4
16:05,55,43,1,96,1
16:06,73,47,2,184,2
16:08,47,65,2,144,4
16:10,55,43,2,133,1
16:11,73,53,1,51,2
16:13,90,56,1,181,4
16:15,82,20,2,1,8
16:16,58,42,1,28,1
16:18,59,37,2,250,2
16:20,53,84,1,369,4
16:21,136,80,2,172,8
16:23,53,34,1,334,1
16:25,59,47,1,307,2
16:27,90,89,1,57,4
16:28,82,96,2,250,8
16:30,57,44,1,352,1
16:32,45,33,1,142,2
16:33,55,44,1,138,1
16:35,57,42,2,318,2
16:37,96,40,2,115,4
16:38,52,39,1,99,1
16:40,64,52,2,378,2
16:42,65,41,2,238,4
16:43,56,36,2,180,1
16:45,62,58,1,59,2
16:47,61,65,2,47,4
16:49,53,20,2,107,8
16:50,47,34,1,215,1
16:52,61,40,2,235,2
16:54,61,51,1,367,4
16:55,92,55,2,250,8
16:57,56,39,1,95,1
16:59,49,56,2,398,2
17:00,67,72,1,272,4
17:02,44,13,1,316,8
17:04,58,44,2,192,1
17:05,145,87,1,275,24
17:07,46,44,2,59,1
17:09,68,30,1,280,2
17:10,65,37,1,349,4
17:12,55,40,2,22,1
17:14,60,31,2,363,2
17:16,68,70,2,159,4
17:17,46,34,1,337,1
17:19,57,49,2,366,2
17:21,58,67,1,57,4
17:22,73,27,1,60,8
17:24,52,40,2,347,1
17:26,74,51,1,129,2
17:27,82,33,2,133,4
17:29,122,85,1,274,8
17:31,53,39,2,58,1
17:32,71,57,2,336,2
17:34,100,85,2,250,4
17:36,58,16,2,273,8
17:38,57,81,1,203,24
17:39,56,72,1,298,4
17:41,53,40,1,383,1
17:43,66,39,1,219,2
17:44,95,80,2,265,4
17:46,58,32,1,113,1
17:48,60,52,2,14,2
17:49,90,64,2,233,4
17:51,59,32,2,146,1
17:53,60,31,2,5,2
17:54,102,72,2,51,4
17:56,60,91,2,164,8
17:58,48,36,53,60,1
18:00,50,31,2,181,1
18:02,49,33,2,70,2
18:04,76,82,1,252,4
18:07,126,89,3,394,8
18:09,59,33,1,161,1
18:11,52,59,3,276,2
18:14,102,40,1,226,4
18:16,148,12,2,232,8
18:18,51,35,3,210,1
18:21,56,39,3,139,2
18:23,51,34,3,328,1
18:25,57,57,2,197,2
18:28,50,59,1,329,4
18:30,48,40,3,384,1
18:32,66,43,2,60,2
18:35,67,53,3,48,4
18:37,57,44,3,36,1
18:39,51,56,1,213,2
18:42,87,54,1,337,4
18:44,129,91,1,186,8
18:46,46,37,1,317,1
18:49,49,36,1,159,2
18:51,98,44,2,133,4
18:54,106,79,3,179,8
18:56,54,33,1,274,1
18:58,67,48,3,209,2
19:01,89,36,2,350,4
19:03,3,22,3,283,8
19:05,97,63,3,9,4
19:08,56,38,3,200,1
19:10,57,31,2,172,1
19:12,59,58,2,106,2
19:15,89,46,2,225,4
19:17,51,44,1,117,1
19:19,68,48,2,243,2
19:22,86,59,1,269,4
19:24,54,39,3,149,1
19:26,59,36,3,326,2
19:29,64,82,2,116,4
19:31,1,13,1,4,8
19:33,57,38,3,396,1
19:36,68,57,2,360,2
19:38,53,76,1,251,4
19:41,121,25,3,220,8
19:43,56,39,1,9,1
19:45,67,36,2,269,2
19:48,104,63,3,337,4
19:50,17,19,3,5,8
19:52,32,86,3,313,8
19:55,52,32,2,53,1
19:57,60,51,75,78,2
20:00,45,43,1,364,1
20:03,57,42,2,1,2
20:07,68,51,2,136,4
20:11,49,34,2,266,1
20:15,70,34,3,225,2
20:19,78,40,1,35,4
20:23,59,30,1,125,1
20:27,48,43,2,281,2
20:30,72,89,2,107,4
20:34,134,57,3,299,8
20:38,56,44,1,347,1
20:42,50,36,2,74,2
20:46,96,70,1,35,4
20:50,145,87,3,291,8
20:54,56,41,2,308,1
20:58,52,49,2,202,2
21:01,66,39,2,63,4
21:05,95,44,2,170,8
21:09,64,80,2,377,4
21:13,60,42,1,108,2
21:17,55,42,2,130,1
21:21,66,31,1,132,2
21:25,65,43,3,197,4
21:29,51,31,2,305,1
21:32,71,54,3,71,2
21:36,97,88,1,119,4
21:40,45,31,2,97,1
21:44,52,33,2,85,2
21:48,67,37,2,68,4
21:52,19,17,1,385,8
21:56,48,51,55,115,24
22:00,48,39,2,40,1
22:06,70,52,2,165,2
22:12,93,66,1,39,4
22:18,10,21,1,300,8
22:25,56,35,2,250,1
22:31,57,43,2,125,2
22:37,47,88,2,219,4
22:44,139,1,2,37,8
22:50,149,22,1,305,8
22:56,67,52,2,73,2
23:03,53,35,1,20,1
23:09,60,43,2,299,2
23:15,76,59,2,20,4
23:22,53,30,2,270,1
23:28,60,34,1,131,2
23:34,59,33,1,397,4
23:41,48,30,2,151,1
23:47,52,40,1,69,2
23:53,45,46,14,146,2
