00:00,145,27,1,128,8
00:10,109,8,4,188,8
00:21,131,92,4,367,8
00:32,81,38,4,284,4
00:43,93,36,2,223,8
00:54,77,84,1,228,4
01:05,11,49,4,375,8
01:16,48,41,4,283,4
01:27,103,10,3,332,8
01:38,70,39,3,363,2
01:49,132,21,18,40,24
02:00,92,39,1,200,4
02:04,142,45,1,65,8
02:09,52,31,1,349,1
02:14,57,55,1,309,2
02:19,84,55,1,322,4
02:24,136,1,1,108,8
02:28,76,23,1,387,24
02:33,59,36,1,281,1
02:38,45,59,1,292,2
02:43,77,97,1,247,8
02:48,52,8,1,51,8
02:52,41,36,1,292,8
02:57,12,44,1,342,8
03:02,91,74,1,195,4
03:07,130,55,1,260,8
03:12,87,33,1,60,4
03:16,69,31,1,72,8
03:21,52,63,1,62,4
03:26,131,73,1,341,8
03:31,62,37,1,92,2
03:36,70,37,1,28,4
03:40,27,91,1,218,8
03:45,48,36,1,26,1
03:50,56,56,1,310,2
03:55,79,71,24,167,4
04:00,97,51,1,200,4
04:02,20,37,2,120,8
04:05,51,53,1,285,4
04:07,48,1,1,13,8
04:10,51,35,2,205,1
04:12,48,31,2,378,1
04:15,24,88,1,95,8
04:17,71,31,2,392,8
04:20,98,41,2,113,8
04:22,56,39,2,175,4
04:25,3,22,1,357,8
04:27,52,44,1,280,4
04:30,29,86,1,19,8
04:32,93,79,2,250,4
04:35,9,70,1,255,8
04:37,56,58,2,198,2
04:40,59,67,2,208,4
04:42,114,53,2,274,8
04:45,59,44,2,269,1
04:47,67,46,2,73,2
04:50,53,78,1,346,4
04:52,17,36,2,50,8
04:55,106,41,2,116,24
04:57,22,75,1,153,8
05:00,57,34,2,396,2
05:02,52,31,1,7,1
05:05,145,87,1,347,8
05:07,57,77,2,18,8
05:10,109,77,1,87,8
05:12,91,45,2,31,4
05:15,67,14,2,359,8
05:17,83,37,2,389,4
05:20,116,93,2,19,8
05:22,91,50,2,287,4
05:25,34,35,1,68,8
05:27,46,54,1,389,2
05:30,56,67,1,215,4
05:32,17,59,1,360,8
05:35,56,43,2,114,1
05:37,59,56,1,224,2
05:40,99,83,2,316,4
05:42,63,74,2,364,8
05:45,54,44,1,185,1
05:47,86,39,2,119,24
05:50,47,75,1,379,4
05:52,22,51,2,240,24
05:55,63,46,1,90,8
05:57,48,35,24,276,1
06:00,18,97,1,226,8
06:01,143,56,1,121,8
06:02,57,69,2,39,4
06:04,130,52,2,230,8
06:05,64,82,1,181,4
06:06,122,3,2,112,8
06:08,102,82,2,198,4
06:09,122,36,2,234,8
06:10,55,44,2,387,2
06:12,46,77,2,323,4
06:13,139,68,2,285,8
06:14,49,39,1,260,1
06:16,46,53,2,35,2
06:17,97,80,2,396,4
06:18,24,38,2,205,8
06:20,59,2,2,171,8
06:21,56,37,1,386,2
06:22,130,37,2,143,24
06:24,51,53,2,304,4
06:25,29,15,2,10,8
06:27,1,42,2,270,8
06:28,34,15,2,87,8
06:29,66,81,1,1,4
06:31,28,53,1,224,8
06:32,93,38,2,48,4
06:33,111,4,1,248,8
06:35,74,50,1,306,4
06:36,117,76,2,361,8
06:37,59,44,1,48,2
06:39,75,70,2,186,4
06:40,127,26,2,382,8
06:41,59,37,2,387,1
06:43,62,43,1,181,2
06:44,48,62,2,219,4
06:45,66,51,1,325,8
06:47,55,31,2,280,1
06:48,45,44,2,289,1
06:49,115,77,1,284,24
06:51,122,72,2,137,24
06:52,1,41,1,160,8
06:54,107,4,1,79,8
06:55,143,80,2,347,8
06:56,101,57,1,172,4
06:58,67,95,2,35,8
06:59,69,71,2,82,4
07:00,22,51,2,5,8
07:02,57,42,1,218,4
07:03,62,42,1,391,8
07:04,67,48,1,400,2
07:06,74,66,1,195,4
07:07,78,48,1,34,8
07:08,55,36,2,382,1
07:10,47,31,2,47,2
07:11,54,40,1,370,4
07:12,142,67,1,201,8
07:14,45,43,1,69,1
07:15,52,42,2,344,2
07:16,84,55,1,30,4
07:18,31,14,1,143,8
07:19,68,78,1,133,8
07:21,15,50,2,25,8
07:22,28,69,2,389,8
07:23,69,44,1,381,4
07:25,69,99,1,350,8
07:26,59,59,1,381,4
07:27,89,6,1,384,8
07:29,95,50,1,182,4
07:30,61,39,1,104,8
07:31,48,51,2,282,2
07:33,58,85,2,128,4
07:34,32,77,2,277,8
07:35,52,39,2,301,1
07:37,47,48,2,257,2
07:38,48,66,2,313,4
07:39,144,87,1,348,8
07:41,52,33,1,119,4
07:42,110,56,2,31,8
07:43,62,53,1,370,2
07:45,52,37,1,27,1
07:46,139,4,2,224,8
07:48,54,35,2,159,8
07:49,112,47,2,194,8
07:50,104,73,1,113,4
07:52,3,55,2,38,8
07:53,81,86,1,342,4
07:54,122,47,1,210,8
07:56,67,52,1,342,4
07:57,10,61,2,128,8
07:58,83,27,62,397,24
08:00,67,54,2,34,2
08:07,58,40,2,305,1
08:14,52,47,1,231,2
08:21,46,42,2,330,4
08:28,56,35,3,321,1
08:35,59,57,2,249,2
08:42,86,48,2,41,4
08:49,56,30,2,147,1
08:56,55,55,2,263,2
09:03,94,50,3,83,4
09:10,32,28,1,281,8
09:17,46,39,2,315,1
09:24,45,44,1,92,2
09:31,48,42,3,333,4
09:38,125,66,1,199,8
09:45,56,31,2,338,1
09:52,50,64,33,151,4
10:00,46,39,2,331,2
10:05,72,35,4,118,4
10:10,105,35,4,264,8
10:16,14,52,1,258,24
10:21,53,38,4,381,2
10:27,45,40,4,394,1
10:32,64,52,3,96,2
10:38,84,79,3,21,4
10:43,57,43,4,383,1
10:49,73,37,2,347,2
10:54,96,67,1,160,4
10:59,45,40,1,272,1
11:05,57,31,4,102,2
11:10,73,87,4,242,4
11:16,97,41,1,222,8
11:21,48,39,1,284,1
11:27,67,34,3,55,2
11:32,49,73,4,108,4
11:38,23,99,1,96,8
11:43,48,41,4,186,1
11:48,59,49,3,159,2
11:54,6,48,39,85,24
12:00,88,56,1,384,4
12:02,149,22,1,252,8
12:05,70,55,1,13,2
12:08,63,58,1,42,2
12:11,58,32,3,330,1
12:13,65,52,2,261,2
12:16,104,40,3,328,4
12:19,58,33,3,173,1
12:22,56,55,1,348,2
12:25,88,38,2,361,4
12:27,55,43,2,199,1
12:30,71,56,3,6,2
12:33,91,88,3,379,4
12:36,20,76,1,207,8
12:39,50,41,1,10,1
12:41,54,40,1,124,2
12:44,61,84,3,319,4
12:47,113,71,3,226,8
12:50,54,30,1,170,1
12:53,47,33,2,295,2
12:55,77,39,3,248,4
12:58,125,7,3,337,8
13:01,16,31,2,207,8
13:04,50,48,3,165,2
13:06,48,43,2,2,1
13:09,58,50,2,194,2
13:12,100,49,2,172,4
13:15,55,32,2,171,1
13:18,63,30,1,20,2
13:20,91,81,2,355,4
13:23,45,34,1,25,1
13:26,52,55,2,122,2
13:29,45,67,2,143,4
13:32,85,57,2,158,8
13:34,58,36,1,194,1
13:37,53,31,2,65,2
13:40,93,30,2,318,4
13:43,3,28,1,285,8
13:46,54,36,3,167,1
13:48,59,30,3,106,2
13:51,60,42,1,379,4
13:54,64,83,2,296,8
13:57,127,61,64,383,24
14:00,126,77,1,264,8
14:01,69,30,1,38,2
14:02,50,42,1,267,1
14:03,74,46,1,17,2
14:04,61,35,1,326,4
14:05,57,30,1,372,1
14:06,66,45,1,168,2
14:08,90,64,1,57,4
14:09,50,36,1,169,1
14:10,49,53,1,98,2
14:11,74,68,1,202,4
14:12,103,65,1,162,8
14:13,49,39,1,149,1
14:14,48,41,1,230,2
14:16,68,65,1,395,4
14:17,48,59,1,145,8
14:18,58,38,1,210,1
14:19,68,34,1,251,2
14:20,46,55,1,301,4
14:21,10,88,1,182,8
14:22,97,78,1,80,4
14:24,61,59,1,156,2
14:25,55,43,1,212,1
14:26,64,30,1,142,2
14:27,68,44,1,368,4
14:28,50,36,1,294,1
14:29,51,37,1,146,2
14:31,94,57,1,231,4
14:32,54,33,1,332,1
14:33,53,49,1,155,2
14:34,87,38,1,388,4
14:35,48,81,1,334,8
14:36,54,32,1,160,1
14:37,46,31,1,63,2
14:39,48,78,1,113,4
14:40,43,63,1,168,8
14:41,55,34,1,168,1
14:42,72,31,1,278,2
14:43,55,77,1,270,4
14:44,118,57,1,62,8
14:45,55,43,1,287,1
14:47,51,30,1,33,2
14:48,49,38,1,182,1
14:49,67,46,1,159,2
14:50,50,34,1,333,4
14:51,52,35,1,197,1
14:52,50,33,1,191,2
14:54,81,77,1,274,4
14:55,48,37,1,87,1
14:56,68,38,1,178,2
14:57,89,64,1,385,4
14:58,128,84,1,220,8
14:59,59,37,1,150,1
15:00,66,46,1,79,2
15:02,59,33,1,119,4
15:03,115,52,1,48,8
15:04,49,43,1,394,1
15:05,74,53,1,313,2
15:06,64,73,1,47,4
15:07,18,86,1,282,8
15:08,56,43,1,199,1
15:10,71,48,1,283,2
15:11,58,32,1,171,1
15:12,48,42,1,152,2
15:13,77,51,1,13,4
15:14,46,42,1,229,1
15:15,52,52,1,334,2
15:17,85,59,1,165,4
15:18,46,42,1,202,1
15:19,74,57,1,335,2
15:20,91,49,1,351,4
15:21,79,97,1,77,8
15:22,53,32,1,147,1
15:23,70,59,1,100,2
15:25,92,39,1,248,4
15:26,149,70,1,266,8
15:27,54,34,1,42,1
15:28,48,30,1,286,2
15:29,75,89,1,380,4
15:30,137,69,1,309,8
15:31,26,37,1,186,24
15:33,56,56,1,150,2
15:34,47,39,1,112,1
15:35,73,46,1,131,2
15:36,72,67,1,397,4
15:37,58,31,1,38,1
15:38,50,31,1,289,2
15:40,62,61,1,157,4
15:41,47,41,1,52,1
15:42,61,34,1,20,2
15:43,55,88,1,55,4
15:44,3,21,1,341,8
15:45,48,36,1,55,1
15:46,70,49,1,281,2
15:48,69,62,1,192,4
15:49,55,28,1,341,8
15:50,49,33,1,372,1
15:51,65,57,1,42,2
15:52,95,64,1,175,4
15:53,98,79,1,92,8
15:54,51,39,1,41,1
15:56,45,43,1,94,2
15:57,53,41,1,343,1
15:58,24,1,93,313,8
16:00,54,32,1,251,1
16:02,57,42,1,394,2
16:04,86,57,1,185,4
16:06,51,30,2,330,1
16:08,59,55,2,167,2
16:11,68,81,2,381,4
16:13,59,40,2,247,1
16:15,52,52,2,231,2
16:17,90,62,2,129,4
16:19,52,29,1,291,8
16:22,50,31,1,276,1
16:24,48,57,1,67,2
16:26,69,69,2,163,4
16:28,78,6,1,249,8
16:31,51,31,2,90,1
16:33,47,38,2,14,2
16:35,95,73,1,162,4
16:37,64,37,1,248,8
16:39,66,54,1,303,2
16:42,54,49,2,222,2
16:44,54,42,1,329,1
16:46,47,33,2,111,2
16:48,75,83,1,193,4
16:51,47,39,1,153,1
16:53,71,51,1,27,2
16:55,61,77,1,189,4
16:57,52,37,2,155,1
16:59,49,34,2,343,2
17:02,69,48,1,107,4
17:04,64,26,2,33,8
17:06,55,39,2,259,1
17:08,57,36,1,37,2
17:11,65,49,1,27,4
17:13,53,77,1,166,8
17:15,56,33,2,375,1
17:17,66,54,1,150,2
17:19,59,52,1,76,4
17:22,56,5,2,72,8
17:24,82,68,2,193,4
17:26,1,11,2,345,24
17:28,54,32,2,131,1
17:31,52,45,1,168,2
17:33,86,40,2,159,4
17:35,49,41,1,87,1
17:37,52,53,1,228,2
17:39,66,75,1,333,4
17:42,45,44,2,300,1
17:44,49,41,2,334,2
17:46,49,60,1,127,4
17:48,16,26,1,203,8
17:51,45,32,1,194,1
17:53,55,31,2,312,2
17:55,49,73,1,352,4
17:57,67,8,67,157,24
18:00,24,67,2,90,8
18:01,57,35,1,12,1
18:03,47,45,1,381,2
18:04,83,73,2,233,4
18:06,55,31,2,159,8
18:07,47,36,1,157,1
18:09,69,51,2,347,2
18:10,48,39,2,280,1
18:12,74,59,1,350,2
18:13,78,69,2,237,4
18:15,46,42,1,352,1
18:16,66,40,2,330,2
18:18,55,59,1,157,4
18:20,48,39,2,64,1
18:21,46,35,1,244,2
18:23,53,87,2,78,4
18:24,106,4,1,11,8
18:26,46,44,1,299,1
18:27,50,46,2,229,2
18:29,94,67,2,178,4
18:30,39,93,1,399,8
18:32,45,40,2,256,1
18:33,64,51,2,337,2
18:35,61,59,2,155,4
18:36,23,85,1,153,8
18:38,48,36,1,120,1
18:40,57,32,1,71,2
18:41,55,35,2,139,1
18:43,66,58,1,23,2
18:44,101,84,2,261,4
18:46,58,34,1,71,1
18:47,64,39,1,224,2
18:49,59,48,2,251,4
18:50,50,37,2,330,1
18:52,50,59,2,240,2
18:53,55,83,2,271,4
18:55,36,55,2,299,8
18:56,57,38,2,367,1
18:58,72,53,1,234,2
19:00,55,34,2,281,4
19:01,9,62,2,184,8
19:03,49,39,2,247,1
19:04,63,39,2,188,2
19:06,89,58,1,185,4
19:07,119,87,2,17,8
19:09,144,44,1,389,24
19:10,142,82,2,246,24
19:12,52,32,2,130,1
19:13,47,37,2,54,2
19:15,55,48,2,387,4
19:16,53,40,1,156,1
19:18,56,58,1,7,2
19:20,74,38,1,213,4
19:21,51,37,2,227,1
19:23,49,55,1,174,2
19:24,51,44,2,140,4
19:26,79,48,2,351,8
19:27,53,36,2,8,1
19:29,71,43,2,155,2
19:30,80,54,2,343,4
19:32,143,56,2,150,8
19:33,47,44,1,61,1
19:35,73,40,2,123,2
19:37,88,41,2,25,4
19:38,56,6,2,366,8
19:40,22,15,2,45,8
19:41,72,3,2,125,24
19:43,50,33,1,221,1
19:44,56,55,1,61,2
19:46,82,53,1,275,4
19:47,57,36,1,247,1
19:49,60,43,2,175,2
19:50,93,35,1,104,4
19:52,49,37,2,1,1
19:53,68,33,1,44,2
19:55,102,77,2,119,4
19:57,42,6,1,77,8
19:58,21,11,37,68,24
20:00,50,30,1,90,1
20:03,65,45,1,315,2
20:06,78,88,1,8,4
20:09,95,71,1,372,8
20:12,53,37,2,70,1
20:15,74,42,1,5,2
20:18,75,49,2,267,4
20:22,98,38,2,29,8
20:25,51,43,1,359,8
20:28,1,82,2,363,24
20:31,48,31,2,300,1
20:34,54,47,1,314,2
20:37,92,83,1,192,4
20:41,49,37,2,300,1
20:44,45,43,2,202,2
20:47,46,39,1,3,4
20:50,47,40,2,342,1
20:53,65,50,1,382,2
20:56,90,56,2,346,4
21:00,11,12,1,381,8
21:03,45,44,2,304,1
21:06,64,35,1,200,2
21:09,93,64,1,343,4
21:12,127,86,1,284,8
21:15,54,31,2,167,1
21:19,45,58,2,307,2
21:22,95,41,1,164,4
21:25,52,52,2,148,8
21:28,140,31,1,383,24
21:31,23,86,2,123,24
21:34,58,32,2,159,1
21:37,53,33,1,167,2
21:41,51,52,2,131,4
21:44,48,33,1,294,1
21:47,59,35,1,191,2
21:50,78,31,1,266,4
21:53,55,41,2,356,1
21:56,124,1,44,363,8
22:00,51,41,1,21,2
22:06,58,52,1,359,4
22:12,119,7,1,269,8
22:18,53,40,1,327,1
22:24,59,56,1,227,2
22:30,79,75,1,2,4
22:36,13,1,1,52,8
22:42,59,40,1,219,1
22:48,71,50,1,271,2
22:54,47,45,1,388,4
23:00,21,23,1,229,8
23:06,62,30,1,141,2
23:12,95,7,1,70,24
23:18,51,32,1,173,1
23:24,73,45,1,249,2
23:30,63,41,1,361,4
23:36,45,42,1,304,1
23:42,73,53,1,202,2
23:48,83,69,1,368,4
23:54,147,52,19,347,8
