00:00,14,48,3,266,8
00:12,3,27,3,383,8
00:24,79,33,1,256,8
00:36,55,41,3,222,4
00:48,25,69,1,202,8
01:00,95,59,1,229,4
01:12,57,46,2,389,8
01:24,72,32,1,25,4
01:36,89,19,2,161,8
01:48,62,59,16,77,4
02:00,54,42,1,103,2
02:10,52,87,2,273,4
02:21,61,81,2,364,8
02:32,49,30,3,346,1
02:43,60,49,2,354,2
02:54,56,81,2,135,4
03:05,4,49,3,280,8
03:16,49,44,2,159,1
03:27,106,31,2,76,8
03:38,10,39,3,339,24
03:49,46,36,11,219,1
04:00,136,64,1,207,24
04:03,47,14,1,189,8
04:07,143,12,1,81,8
04:10,22,20,1,354,8
04:14,87,40,1,281,4
04:17,89,7,1,328,8
04:21,94,57,1,396,4
04:24,116,19,1,64,8
04:28,70,68,1,304,4
04:31,44,48,1,50,8
04:35,64,32,1,243,2
04:38,68,47,1,311,4
04:42,35,53,1,391,8
04:45,45,42,1,136,1
04:49,67,51,1,72,2
04:52,90,37,1,151,4
04:56,50,1,1,106,8
05:00,120,4,1,260,8
05:03,102,51,1,152,4
05:07,71,55,1,147,2
05:10,55,34,1,139,1
05:14,46,76,1,321,8
05:17,106,8,1,4,8
05:21,82,44,1,202,8
05:24,87,56,1,389,4
05:28,97,77,1,12,8
05:31,90,89,1,55,4
05:35,71,77,1,179,8
05:38,97,34,1,159,4
05:42,91,25,1,155,8
05:45,71,50,1,390,2
05:49,45,41,1,243,4
05:52,124,7,1,287,8
05:56,50,13,33,261,24
06:00,54,43,1,19,1
06:03,50,30,1,260,2
06:06,98,74,3,281,4
06:09,145,86,1,151,8
06:13,1,83,3,249,24
06:16,63,58,1,226,2
06:19,57,30,1,307,1
06:23,56,56,3,14,2
06:26,66,54,2,219,8
06:29,105,81,2,244,8
06:33,60,41,3,326,8
06:36,60,37,1,84,4
06:39,23,67,2,18,8
06:43,59,31,1,166,4
06:46,109,99,3,78,8
06:49,87,60,2,43,4
06:53,94,62,1,196,8
06:56,55,54,3,212,2
06:59,57,80,2,298,4
07:03,47,86,2,6,8
07:06,56,35,2,74,1
07:09,58,51,3,233,2
07:13,103,66,2,128,4
07:16,37,50,1,327,8
07:19,71,54,2,22,2
07:23,128,21,2,231,8
07:26,86,33,1,280,8
07:29,81,84,1,187,8
07:33,49,81,3,222,8
07:36,128,83,1,268,8
07:39,23,67,3,309,8
07:43,80,87,3,205,4
07:46,27,91,3,324,8
07:49,65,61,3,287,4
07:53,46,95,2,147,8
07:56,119,48,65,85,8
08:00,62,42,1,239,2
08:06,58,44,1,339,1
08:12,53,30,1,104,2
08:18,73,37,2,12,4
08:25,52,41,1,393,1
08:31,71,57,1,322,2
08:37,90,36,1,250,4
08:44,57,43,2,149,1
08:50,65,42,2,239,2
08:56,88,57,2,163,4
09:03,149,95,1,300,8
09:09,51,42,2,3,1
09:15,68,37,2,261,2
09:22,91,86,2,254,4
09:28,136,3,2,154,8
09:34,57,40,2,193,1
09:41,64,51,1,307,2
09:47,76,68,1,18,4
09:53,49,39,18,257,2
10:00,43,59,2,119,8
10:03,45,47,1,142,2
10:07,46,45,1,167,2
10:11,48,30,2,49,1
10:15,66,59,2,95,2
10:19,73,73,2,378,4
10:23,48,37,1,28,1
10:27,48,57,2,160,2
10:30,79,42,2,85,4
10:34,50,31,2,241,1
10:38,54,31,2,243,2
10:42,76,52,2,284,4
10:46,7,85,1,222,8
10:50,51,31,1,369,1
10:54,72,41,2,232,2
10:58,82,77,2,128,4
11:01,61,13,1,91,8
11:05,53,38,1,168,1
11:09,49,50,1,163,2
11:13,95,78,2,343,4
11:17,136,85,2,230,8
11:21,70,61,1,127,4
11:25,49,44,1,300,2
11:29,55,39,2,325,1
11:32,64,42,2,12,2
11:36,73,53,1,233,4
11:40,54,38,1,318,1
11:44,73,32,2,110,2
11:48,80,48,2,265,4
11:52,50,37,2,66,1
11:56,66,36,20,192,2
12:00,46,54,4,269,2
12:04,101,67,2,287,4
12:09,17,79,3,301,8
12:14,59,40,2,331,1
12:19,58,58,3,374,2
12:24,101,54,1,274,4
12:28,39,92,1,248,8
12:33,55,40,1,385,1
12:38,62,46,4,115,2
12:43,90,59,3,354,4
12:48,121,84,3,383,8
12:52,90,39,4,176,4
12:57,55,50,3,290,2
13:02,56,34,1,26,1
13:07,68,32,3,166,2
13:12,61,35,1,113,4
13:16,57,37,2,115,1
13:21,62,39,4,180,2
13:26,85,68,4,312,4
13:31,47,38,1,52,1
13:36,47,48,1,171,2
13:40,49,80,1,29,4
13:45,114,54,4,184,8
13:50,48,33,2,156,1
13:55,44,16,44,400,8
14:00,65,32,1,339,2
14:02,97,61,1,206,4
14:04,138,91,1,8,8
14:06,57,31,1,331,1
14:08,73,41,2,196,2
14:10,93,47,2,332,4
14:13,107,73,2,20,8
14:15,60,44,2,253,2
14:17,52,33,2,360,2
14:19,55,31,1,179,1
14:21,52,59,2,10,2
14:23,78,44,2,231,4
14:26,54,30,2,394,1
14:28,68,31,2,17,2
14:30,75,77,2,148,4
14:32,52,32,2,297,1
14:34,54,55,2,390,2
14:37,48,65,1,128,4
14:39,6,56,1,313,8
14:41,47,35,1,212,1
14:43,51,54,1,31,2
14:45,74,57,2,2,4
14:47,65,37,2,146,8
14:50,53,35,1,39,1
14:52,70,37,1,187,2
14:54,102,67,2,44,4
14:56,81,45,2,142,8
14:58,77,50,1,137,4
15:01,72,53,1,63,2
15:03,46,42,2,309,1
15:05,50,43,1,6,2
15:07,63,88,1,139,4
15:09,55,33,1,129,1
15:11,46,55,1,114,2
15:14,91,55,1,105,4
15:16,54,30,1,184,1
15:18,62,58,1,98,2
15:20,86,32,1,82,4
15:22,24,20,1,230,8
15:25,46,39,1,234,1
15:27,46,55,2,219,2
15:29,46,75,2,193,4
15:31,65,97,2,367,8
15:33,54,38,2,21,1
15:35,73,40,2,142,2
15:38,76,53,1,261,4
15:40,139,2,2,35,8
15:42,73,78,1,134,24
15:44,64,46,2,52,2
15:46,47,41,1,221,1
15:49,54,43,1,163,2
15:51,94,81,1,21,4
15:53,58,36,2,381,1
15:55,49,32,1,114,2
15:57,137,8,60,281,24
16:00,45,39,1,375,1
16:05,57,41,4,339,2
16:10,57,71,1,328,4
16:15,56,34,1,136,1
16:20,46,58,2,276,2
16:25,91,89,2,251,4
16:30,58,33,2,211,1
16:35,65,49,3,44,2
16:40,76,66,2,25,4
16:45,106,65,1,165,8
16:50,50,44,3,103,1
16:55,46,38,2,162,2
17:00,72,33,3,327,4
17:05,137,7,2,385,8
17:10,58,32,3,363,1
17:15,69,40,4,119,2
17:20,55,47,3,396,4
17:25,46,58,3,9,8
17:30,84,19,1,255,24
17:35,46,24,1,284,8
17:40,51,42,3,322,1
17:45,74,56,4,169,2
17:50,51,49,3,56,4
17:55,50,69,50,377,8
18:00,59,34,2,209,1
18:02,66,55,1,30,2
18:04,64,51,2,244,4
18:06,52,38,2,25,1
18:08,48,31,1,297,2
18:10,88,55,1,218,4
18:13,84,97,2,87,8
18:15,57,40,1,17,1
18:17,54,55,1,291,2
18:19,49,86,2,397,4
18:21,25,86,2,258,8
18:23,57,38,2,24,1
18:26,54,53,1,343,2
18:28,57,44,1,190,4
18:30,102,56,1,203,8
18:32,7,12,1,362,8
18:34,56,32,2,368,1
18:37,53,39,2,144,1
18:39,66,40,2,68,2
18:41,51,41,1,165,4
18:43,57,31,2,282,1
18:45,58,59,2,103,2
18:47,104,71,1,368,4
18:50,51,32,1,209,1
18:52,74,42,1,293,2
18:54,53,77,2,192,4
18:56,43,64,2,371,8
18:58,57,33,1,134,1
19:01,70,32,2,21,2
19:03,79,48,1,165,4
19:05,138,2,2,146,8
19:07,57,31,1,115,1
19:09,45,42,1,301,2
19:11,69,33,1,390,4
19:14,91,39,2,49,8
19:16,117,92,1,311,8
19:18,43,68,1,38,8
19:20,56,44,2,44,1
19:22,55,34,1,271,2
19:25,55,49,1,25,4
19:27,49,38,2,111,1
19:29,69,34,2,134,2
19:31,73,83,1,123,4
19:33,49,31,1,158,1
19:35,52,40,1,207,2
19:38,86,88,1,52,4
19:40,65,23,1,130,8
19:42,59,36,1,229,1
19:44,60,40,2,333,2
19:46,54,85,1,263,4
19:49,149,79,1,197,8
19:51,51,34,1,50,1
19:53,62,51,1,188,2
19:55,55,61,2,164,4
19:57,98,36,38,301,4
20:00,119,91,2,17,8
20:06,52,43,2,18,1
20:12,62,55,1,95,4
20:18,50,36,1,192,1
20:24,62,33,3,159,2
20:30,98,33,3,13,4
20:36,50,34,2,329,1
20:42,56,44,1,89,2
20:48,49,59,2,116,4
20:54,50,31,1,356,1
21:00,67,31,1,322,2
21:06,65,51,3,207,4
21:12,74,23,2,338,8
21:18,59,41,1,98,1
21:24,52,49,1,108,2
21:30,55,47,1,33,4
21:36,46,16,2,126,8
21:42,50,38,2,256,1
21:48,45,58,2,6,2
21:54,74,55,37,228,4
22:00,54,44,1,393,4
22:09,6,94,1,332,8
22:18,143,2,2,230,24
22:27,102,82,2,187,4
22:36,45,37,2,65,1
22:46,51,41,2,126,2
22:55,104,59,1,264,4
23:04,56,43,1,363,1
23:13,71,55,2,341,2
23:23,93,59,2,138,4
23:32,55,30,1,350,1
23:41,56,38,2,315,2
23:50,92,77,9,42,4
