00:00,55,3,1,56,8
00:04,54,82,1,50,8
00:09,51,91,1,70,8
00:13,82,52,1,265,4
00:18,111,9,1,336,8
00:23,80,56,1,348,4
00:27,47,13,1,368,8
00:32,65,45,1,317,4
00:36,128,66,1,340,8
00:41,47,34,1,201,2
00:46,62,81,1,239,4
00:50,51,92,1,124,8
00:55,45,31,1,93,1
01:00,68,45,1,393,2
01:04,95,82,1,359,4
01:09,95,43,1,60,8
01:13,55,30,1,246,2
01:18,4,99,1,232,8
01:23,142,72,1,371,8
01:27,54,35,1,129,1
01:32,34,97,1,32,8
01:37,111,49,1,14,8
01:41,118,44,1,319,8
01:46,88,82,1,302,4
01:50,19,69,1,231,8
01:55,50,30,22,256,1
02:00,47,85,1,176,4
02:09,37,29,2,15,8
02:18,92,73,3,202,4
02:27,26,23,3,288,8
02:36,64,59,1,126,2
02:46,95,82,3,134,4
02:55,112,23,3,202,8
03:04,53,39,1,241,1
03:13,65,55,3,59,2
03:23,77,30,1,328,4
03:32,42,3,2,3,8
03:41,69,45,3,92,2
03:50,75,24,25,161,8
04:00,98,79,2,396,4
04:03,52,30,1,260,1
04:06,103,62,2,392,4
04:09,109,31,2,86,8
04:12,139,32,1,3,8
04:15,91,33,1,231,8
04:18,80,52,1,37,4
04:21,123,70,2,169,8
04:24,76,74,1,127,4
04:27,53,58,2,242,8
04:30,59,39,2,276,4
04:33,105,96,2,98,8
04:36,64,40,1,304,2
04:40,91,42,1,261,4
04:43,21,61,2,203,8
04:46,45,44,1,162,1
04:49,73,34,2,50,2
04:52,94,54,1,398,4
04:55,1,42,1,212,8
04:58,53,31,1,9,4
05:01,61,48,1,140,2
05:04,60,37,1,121,2
05:07,129,35,2,208,8
05:10,78,15,1,173,8
05:13,120,45,1,287,8
05:16,115,19,2,381,8
05:20,79,80,1,68,4
05:23,139,31,1,208,8
05:26,102,58,2,202,4
05:29,104,37,1,290,8
05:32,61,53,1,193,4
05:35,38,51,2,362,8
05:38,72,45,2,258,2
05:41,80,82,1,303,4
05:44,147,59,1,340,8
05:47,51,41,1,171,1
05:50,73,42,1,304,2
05:53,47,36,1,359,4
05:57,69,59,50,214,2
06:00,91,23,1,179,8
06:01,61,49,1,315,8
06:02,26,39,1,264,8
06:04,56,43,1,352,1
06:05,118,76,2,106,24
06:06,29,58,2,288,8
06:08,21,35,2,180,8
06:09,21,37,2,94,8
06:11,83,86,1,284,4
06:12,145,23,2,233,8
06:13,93,69,1,376,4
06:15,91,19,2,339,8
06:16,54,44,1,16,4
06:17,85,64,1,347,8
06:19,69,53,2,254,2
06:20,55,49,1,245,4
06:22,73,16,2,25,8
06:23,54,40,1,22,1
06:24,71,39,2,200,2
06:26,76,38,2,314,4
06:27,72,8,1,177,8
06:28,57,40,1,154,1
06:30,62,85,1,135,4
06:31,59,45,2,189,2
06:33,79,56,1,365,4
06:34,68,98,1,270,8
06:35,57,34,1,65,8
06:37,2,65,2,350,8
06:38,50,82,1,271,4
06:40,138,99,1,178,8
06:41,90,54,1,120,4
06:42,50,51,1,118,8
06:44,67,67,2,348,4
06:45,100,72,1,355,8
06:46,66,40,2,334,2
06:48,83,48,2,154,4
06:49,128,32,1,71,8
06:51,57,31,2,241,1
06:52,47,35,2,228,2
06:53,47,82,2,221,4
06:55,53,99,2,279,8
06:56,50,30,2,330,2
06:57,48,32,1,219,2
06:59,71,50,2,89,2
07:00,36,89,2,274,8
07:02,60,23,2,348,8
07:03,56,25,1,274,8
07:04,41,57,2,193,8
07:06,97,57,1,375,4
07:07,38,91,1,215,8
07:08,86,50,1,143,4
07:10,42,15,1,48,8
07:11,100,73,2,248,4
07:13,78,68,2,112,8
07:14,73,52,1,359,2
07:15,79,36,1,32,4
07:17,137,21,2,386,8
07:18,51,43,2,370,1
07:20,74,34,2,177,2
07:21,48,34,2,23,4
07:22,136,89,2,91,8
07:24,21,23,1,68,24
07:25,106,21,1,101,8
07:26,137,84,1,367,8
07:28,63,51,1,249,2
07:29,111,57,1,219,8
07:31,50,44,2,323,8
07:32,41,53,2,333,8
07:33,82,71,2,260,4
07:35,82,20,2,119,8
07:36,52,34,2,369,4
07:37,5,95,2,29,8
07:39,91,82,1,373,4
07:40,82,31,1,50,8
07:42,51,47,1,224,2
07:43,76,55,2,180,4
07:44,44,95,1,81,8
07:46,58,39,1,81,1
07:47,63,30,2,220,2
07:49,49,49,1,247,4
07:50,122,38,2,149,8
07:51,46,34,2,77,1
07:53,128,48,1,35,8
07:54,115,40,2,378,24
07:55,28,19,1,223,24
07:57,9,35,1,268,8
07:58,20,58,78,88,24
08:00,73,56,1,398,2
08:04,46,31,1,8,1
08:09,66,56,2,66,2
08:13,68,56,1,70,4
08:18,47,37,1,122,1
08:23,47,38,2,14,2
08:27,77,34,2,340,4
08:32,54,44,2,78,1
08:36,54,45,1,154,2
08:41,98,38,1,313,4
08:46,149,46,1,252,8
08:50,56,34,2,343,1
08:55,52,37,1,260,2
09:00,88,51,1,343,4
09:04,104,92,2,142,8
09:09,47,44,2,303,1
09:13,71,39,2,100,2
09:18,49,51,1,41,4
09:23,114,53,2,99,8
09:27,50,55,2,295,4
09:32,61,46,2,277,2
09:37,50,32,2,256,1
09:41,65,30,2,273,2
09:46,52,83,2,30,4
09:50,53,35,1,397,1
09:55,48,52,29,95,2
10:00,47,53,1,24,2
10:02,104,68,2,131,4
10:04,47,42,2,25,1
10:07,64,59,1,3,2
10:09,81,75,1,125,4
10:12,52,45,2,384,8
10:14,59,44,1,91,1
10:16,68,51,1,118,2
10:19,77,60,1,329,4
10:21,38,5,1,48,8
10:24,49,43,1,150,1
10:26,68,35,2,10,2
10:28,81,49,2,62,4
10:31,85,28,2,142,8
10:33,42,78,2,145,24
10:36,58,37,2,105,2
10:38,52,32,2,57,1
10:40,70,30,1,326,2
10:43,65,31,1,169,4
10:45,49,30,2,99,1
10:48,70,59,2,363,2
10:50,60,66,1,309,4
10:52,54,31,2,163,1
10:55,48,30,2,350,2
10:57,48,41,1,155,4
11:00,127,19,1,183,8
11:02,46,40,2,385,1
11:04,47,50,2,135,2
11:07,46,43,2,176,4
11:09,47,27,1,249,8
11:12,55,32,2,274,1
11:14,65,34,2,272,2
11:16,54,78,1,228,4
11:19,113,66,1,179,8
11:21,50,31,2,207,1
11:24,65,43,1,278,2
11:26,49,41,2,122,1
11:28,47,45,2,256,2
11:31,50,81,2,124,4
11:33,57,40,2,362,1
11:36,69,50,2,136,2
11:38,101,55,2,50,4
11:40,46,32,2,238,1
11:43,71,40,1,270,2
11:45,47,36,1,322,4
11:48,1,13,2,107,8
11:50,58,36,2,320,1
11:52,67,44,1,78,2
11:55,59,69,2,351,4
11:57,50,38,26,107,2
12:00,7,48,4,175,8
12:03,56,40,3,344,1
12:06,69,34,3,395,2
12:09,60,34,4,20,4
12:12,110,99,4,270,8
12:15,15,19,3,286,24
12:18,69,30,2,340,2
12:22,50,42,4,365,1
12:25,56,30,1,105,2
12:28,80,72,1,393,4
12:31,51,43,1,248,1
12:34,70,57,3,333,2
12:37,85,55,3,159,4
12:41,56,34,3,267,1
12:44,45,41,4,144,2
12:47,104,81,3,361,4
12:50,108,80,2,107,8
12:53,56,33,3,193,1
12:56,59,30,3,338,2
13:00,67,67,4,212,4
13:03,128,37,3,384,8
13:06,52,36,4,365,1
13:09,47,30,3,259,2
13:12,93,60,2,322,4
13:15,13,3,2,259,8
13:19,46,40,4,388,1
13:22,70,38,3,266,2
13:25,46,35,4,379,1
13:28,58,43,4,179,2
13:31,69,32,4,311,4
13:34,55,33,2,397,1
13:37,51,47,2,306,2
13:41,66,35,3,279,4
13:44,53,41,4,279,1
13:47,48,55,2,20,2
13:50,64,30,1,115,4
13:53,1,93,4,359,8
13:56,74,48,47,170,2
14:00,53,38,1,76,1
14:01,46,48,1,104,2
14:02,55,69,2,187,4
14:03,2,73,1,396,8
14:04,56,35,2,400,1
14:06,52,33,1,16,2
14:07,74,48,2,375,4
14:08,73,35,2,154,8
14:09,76,43,2,356,4
14:10,55,49,2,120,2
14:12,49,30,2,31,1
14:13,60,32,1,255,2
14:14,62,69,2,276,4
14:15,59,43,1,158,1
14:16,60,59,1,117,2
14:18,66,38,1,292,4
14:19,45,34,2,171,1
14:20,64,35,2,4,2
14:21,73,45,2,50,4
14:22,93,96,1,4,8
14:24,54,34,1,184,1
14:25,52,52,1,126,2
14:26,66,82,1,2,4
14:27,138,65,1,162,8
14:28,53,30,2,207,1
14:30,62,46,2,160,2
14:31,50,71,1,250,4
14:32,125,1,2,231,8
14:33,85,89,1,166,24
14:34,69,35,2,194,2
14:36,46,40,2,50,1
14:37,49,52,1,292,2
14:38,64,81,1,130,4
14:39,59,42,2,115,1
14:40,52,50,2,13,2
14:42,84,63,2,136,4
14:43,57,41,2,42,1
14:44,56,44,1,238,2
14:45,76,46,1,211,4
14:46,71,13,1,121,8
14:48,51,33,1,221,1
14:49,69,51,1,283,2
14:50,94,67,1,55,4
14:51,26,16,2,293,8
14:52,54,42,2,288,1
14:54,71,49,1,281,2
14:55,50,38,2,344,4
14:56,70,38,1,361,8
14:57,48,20,1,52,8
14:58,53,40,2,259,2
15:00,59,36,2,192,1
15:01,62,55,1,319,2
15:02,48,82,2,44,4
15:03,57,32,1,276,1
15:04,61,30,2,36,2
15:06,62,74,1,394,4
15:07,59,34,2,351,1
15:08,57,40,1,213,2
15:09,90,52,2,19,4
15:10,60,71,1,213,8
15:12,52,33,2,230,1
15:13,56,45,1,360,2
15:14,65,42,2,182,4
15:15,24,87,2,315,8
15:16,57,43,2,135,1
15:18,52,50,1,353,2
15:19,79,86,1,393,4
15:20,40,55,2,7,8
15:21,130,3,1,329,8
15:22,67,59,1,50,2
15:24,47,32,2,238,1
15:25,45,57,1,313,2
15:26,104,81,1,136,4
15:27,51,35,1,333,1
15:28,61,44,2,108,2
15:30,70,66,2,377,4
15:31,58,44,2,213,1
15:32,47,42,1,121,2
15:33,69,89,2,169,4
15:34,77,7,2,58,8
15:36,54,44,1,230,1
15:37,58,58,2,319,2
15:38,45,67,1,183,4
15:39,32,91,2,215,8
15:40,47,43,2,92,1
15:42,50,44,2,284,2
15:43,60,88,2,25,4
15:44,107,86,2,132,8
15:45,51,59,2,184,2
15:46,68,52,2,220,2
15:48,59,31,1,192,1
15:49,49,39,2,202,2
15:50,91,37,1,354,4
15:51,52,39,2,209,1
15:52,62,30,1,80,2
15:54,76,55,1,172,4
15:55,57,38,1,291,1
15:56,51,45,2,362,2
15:57,83,74,1,83,4
15:58,65,45,61,240,2
16:00,55,42,4,170,1
16:03,65,35,2,2,2
16:07,70,39,1,83,4
16:10,48,39,3,183,1
16:14,66,55,2,199,2
16:18,84,64,1,247,4
16:21,51,41,1,372,1
16:25,70,46,3,42,2
16:29,48,35,2,48,4
16:32,21,23,3,20,8
16:36,56,32,1,195,1
16:40,66,52,1,66,2
16:43,63,72,3,95,4
16:47,16,91,2,245,8
16:50,51,41,4,273,1
16:54,66,52,3,321,2
16:58,50,43,4,122,4
17:01,147,26,4,108,8
17:05,13,8,4,9,8
17:09,124,64,1,35,24
17:12,53,40,2,365,1
17:16,72,37,2,179,2
17:20,99,58,4,65,4
17:23,45,34,3,360,1
17:27,65,50,1,31,2
17:31,79,53,3,396,4
17:34,57,34,4,377,1
17:38,51,57,1,115,2
17:41,79,39,3,235,4
17:45,112,18,2,62,8
17:49,47,35,1,211,1
17:52,51,41,4,85,2
17:56,74,83,77,167,24
18:00,96,51,1,84,4
18:01,42,35,1,197,8
18:02,51,44,1,387,1
18:04,51,59,1,55,2
18:05,95,41,1,150,4
18:06,77,10,1,57,8
18:08,112,78,1,181,24
18:09,47,50,1,76,2
18:10,46,32,1,15,1
18:12,48,32,1,103,2
18:13,59,67,1,391,4
18:14,55,32,1,242,1
18:16,63,51,1,100,2
18:17,49,34,1,289,4
18:19,50,31,1,165,1
18:20,58,39,1,342,2
18:21,89,67,1,368,4
18:23,54,96,1,51,8
18:24,47,41,1,145,1
18:25,68,35,1,388,2
18:27,62,70,1,364,4
18:28,79,23,1,396,8
18:29,50,40,1,126,1
18:31,52,56,1,296,2
18:32,78,62,1,163,4
18:34,25,95,1,287,8
18:35,47,44,1,201,1
18:36,52,50,1,280,2
18:38,45,31,1,140,1
18:39,69,58,1,125,2
18:40,62,57,1,280,4
18:42,59,37,1,173,1
18:43,62,50,1,12,2
18:44,60,30,1,366,4
18:46,58,39,1,102,1
18:47,73,43,1,206,2
18:48,51,58,1,316,4
18:50,56,12,1,377,8
18:51,47,33,1,46,1
18:53,65,58,1,139,2
18:54,86,59,1,121,4
18:55,124,22,1,396,8
18:57,46,35,1,236,1
18:58,55,33,1,199,2
18:59,48,86,1,313,4
19:01,48,59,1,235,8
19:02,79,43,1,290,24
19:03,66,35,1,110,2
19:05,55,38,1,87,1
19:06,68,54,1,146,2
19:08,55,60,1,354,4
19:09,46,39,1,60,1
19:10,71,30,1,16,2
19:12,83,42,1,286,4
19:13,51,42,1,51,1
19:14,69,55,1,78,2
19:16,89,38,1,337,4
19:17,109,13,1,85,8
19:18,47,39,1,168,1
19:20,50,53,1,154,2
19:21,100,71,1,199,4
19:22,111,6,1,356,8
19:24,55,40,1,292,1
19:25,55,53,1,381,2
19:27,83,48,1,349,4
19:28,149,3,1,280,8
19:29,99,85,1,113,24
19:31,81,53,1,60,24
19:32,48,34,1,35,1
19:33,61,32,1,60,2
19:35,102,60,1,225,4
19:36,53,35,1,290,1
19:37,68,35,1,310,2
19:39,58,71,1,31,4
19:40,55,33,1,230,1
19:42,49,39,1,291,2
19:43,81,87,1,89,4
19:44,84,98,1,207,8
19:46,47,33,1,373,1
19:47,55,56,1,211,2
19:48,91,88,1,382,4
19:50,124,17,1,125,8
19:51,45,41,1,135,1
19:52,71,41,1,81,2
19:54,71,73,1,258,4
19:55,7,31,1,350,8
19:56,46,21,1,225,8
19:58,74,38,84,355,2
20:00,41,37,1,331,8
20:02,46,44,1,312,1
20:04,49,55,1,207,2
20:06,47,74,1,115,4
20:08,53,43,1,184,1
20:11,53,39,1,324,2
20:13,84,80,1,352,4
20:15,57,36,1,384,1
20:17,51,41,1,270,2
20:19,88,53,1,377,4
20:22,2,44,1,284,8
20:24,47,37,1,88,1
20:26,70,35,1,110,2
20:28,51,48,1,347,4
20:31,35,57,1,44,8
20:33,56,42,1,154,1
20:35,73,44,1,98,2
20:37,85,85,1,58,4
20:39,27,85,1,257,8
20:42,92,69,1,46,24
20:44,49,42,1,239,1
20:46,53,33,1,379,1
20:48,48,32,1,399,2
20:51,74,78,1,53,4
20:53,49,35,1,375,1
20:55,55,50,1,196,2
20:57,45,48,1,383,4
20:59,56,34,1,245,1
21:02,54,49,1,101,2
21:04,97,73,1,2,4
21:06,107,9,1,232,8
21:08,56,42,1,350,1
21:11,51,39,1,211,2
21:13,60,56,1,384,4
21:15,112,49,1,115,8
21:17,46,31,1,53,1
21:19,56,49,1,69,2
21:22,104,71,1,262,4
21:24,54,71,1,108,8
21:26,137,1,1,284,24
21:28,37,38,1,216,8
21:31,49,38,1,116,1
21:33,57,43,1,315,2
21:35,49,54,1,278,4
21:37,46,30,1,128,1
21:39,54,56,1,378,2
21:42,69,56,1,275,4
21:44,46,42,1,151,1
21:46,52,35,1,99,2
21:48,45,78,1,167,4
21:51,97,24,1,70,8
21:53,53,30,1,362,1
21:55,68,42,1,6,2
21:57,125,61,52,269,8
22:00,88,43,2,66,4
22:07,52,50,2,92,8
22:14,48,35,1,67,1
22:21,46,36,2,353,2
22:28,78,62,1,281,4
22:35,124,51,2,169,8
22:42,12,12,1,321,8
22:49,89,61,2,23,4
22:56,56,41,1,109,1
23:03,71,38,1,384,2
23:10,72,87,2,268,4
23:17,48,43,2,54,1
23:24,69,31,2,261,2
23:31,87,31,1,370,4
23:38,56,32,1,248,1
23:45,67,58,2,39,2
23:52,16,96,16,146,8
