00:00,101,8,4,173,8
00:15,52,61,4,370,8
00:30,7,74,1,58,8
00:45,66,38,3,308,4
01:00,115,14,4,29,8
01:15,70,69,3,224,4
01:30,88,59,3,113,8
01:45,101,30,12,258,4
02:00,91,74,2,178,4
02:08,15,78,2,176,8
02:17,58,49,1,288,2
02:25,50,67,1,182,4
02:34,43,96,2,98,8
02:42,46,40,2,369,1
02:51,64,52,2,273,2
02:59,56,84,1,136,4
03:08,91,98,2,301,8
03:17,109,17,2,354,8
03:25,72,44,1,3,2
03:34,50,32,2,299,1
03:42,67,46,1,103,2
03:51,104,70,13,67,24
04:00,28,15,2,176,8
04:05,146,89,2,235,8
04:10,133,82,2,157,8
04:15,73,38,1,158,4
04:20,76,27,1,149,8
04:25,96,30,1,127,4
04:30,21,46,2,290,8
04:35,67,59,1,257,4
04:40,63,43,2,361,8
04:45,66,48,1,81,2
04:50,92,54,2,213,4
04:55,139,87,1,237,8
05:00,56,39,2,382,1
05:05,61,56,1,318,2
05:10,90,67,2,229,4
05:15,82,71,1,225,8
05:20,142,94,2,300,24
05:25,46,36,1,103,2
05:30,85,78,1,79,4
05:35,107,99,2,77,8
05:40,49,54,1,131,8
05:45,12,23,2,239,8
05:50,37,29,2,92,8
05:55,46,41,33,163,1
06:00,88,65,1,97,4
06:01,94,3,1,392,8
06:03,92,68,1,210,4
06:05,80,24,1,59,8
06:07,66,55,1,33,4
06:08,94,38,2,47,8
06:10,56,35,2,61,2
06:12,90,78,1,177,4
06:14,128,27,1,366,8
06:15,51,35,2,319,1
06:17,55,57,1,280,2
06:19,48,59,2,380,4
06:21,133,1,2,262,8
06:22,54,70,1,58,4
06:24,79,58,2,13,24
06:26,139,25,2,184,24
06:28,43,5,2,357,8
06:29,7,15,1,267,8
06:31,147,45,1,261,8
06:33,33,20,1,336,8
06:35,66,72,1,119,4
06:36,120,9,2,218,8
06:38,77,31,1,155,4
06:40,52,66,1,290,8
06:42,94,37,2,322,4
06:43,51,37,1,69,8
06:45,51,58,1,367,2
06:47,55,81,1,384,4
06:49,92,6,1,224,8
06:51,53,34,2,121,1
06:52,57,44,1,363,2
06:54,93,64,2,370,4
06:56,108,11,1,16,8
06:58,54,43,1,80,1
06:59,47,44,2,375,2
07:01,18,7,2,282,8
07:03,33,35,1,240,24
07:05,13,43,2,171,8
07:06,82,35,1,381,8
07:08,43,25,1,206,8
07:10,62,71,1,399,4
07:12,68,42,1,2,8
07:13,64,77,1,235,4
07:15,71,58,2,318,8
07:17,54,59,1,107,4
07:19,67,71,1,65,8
07:20,70,51,1,338,2
07:22,98,79,1,23,4
07:24,76,91,2,33,8
07:26,52,36,1,298,1
07:27,51,46,1,189,2
07:29,71,48,1,256,4
07:31,146,54,1,20,8
07:33,50,38,1,138,1
07:35,49,45,2,17,4
07:36,2,17,1,281,8
07:38,46,72,1,191,4
07:40,25,83,1,71,8
07:42,10,35,1,344,8
07:43,21,31,1,284,8
07:45,51,43,2,10,4
07:47,26,39,1,344,8
07:49,60,78,2,219,4
07:50,46,4,2,55,8
07:52,83,70,1,342,4
07:54,97,29,2,197,8
07:56,64,34,1,158,2
07:57,64,57,50,138,2
08:00,50,52,2,375,2
08:10,48,39,3,178,1
08:20,51,30,3,253,2
08:30,46,85,3,214,4
08:40,52,44,3,116,1
08:50,45,57,3,107,2
09:00,57,86,3,138,4
09:10,53,35,3,244,1
09:20,46,47,1,62,2
09:30,91,36,3,23,4
09:40,42,16,2,221,8
09:50,64,52,16,159,2
10:00,52,32,2,376,1
10:05,71,30,2,169,2
10:10,70,59,2,87,4
10:15,140,70,1,83,8
10:20,46,37,1,314,1
10:25,55,34,1,327,2
10:30,63,88,2,185,4
10:35,101,41,2,256,8
10:40,51,43,1,392,1
10:45,50,43,1,79,2
10:50,47,39,2,250,1
10:55,65,44,1,260,2
11:00,93,37,2,327,4
11:05,56,34,2,180,1
11:10,51,58,2,349,2
11:15,83,73,2,40,4
11:20,48,31,2,370,1
11:25,65,51,1,143,2
11:30,69,51,1,62,4
11:35,1,61,1,67,8
11:40,52,35,2,172,1
11:45,57,40,2,237,2
11:50,86,74,2,42,4
11:55,97,39,31,231,24
12:00,41,72,1,324,8
12:02,55,40,2,228,1
12:05,64,30,2,46,2
12:08,96,67,1,52,4
12:10,133,91,1,376,8
12:13,46,41,2,311,1
12:16,52,42,2,236,2
12:19,57,39,2,306,1
12:21,50,47,2,164,2
12:24,45,39,1,342,4
12:27,56,44,1,347,1
12:30,46,49,2,344,2
12:32,85,63,1,312,4
12:35,55,30,1,229,1
12:38,62,38,1,315,2
12:40,81,87,1,325,4
12:43,80,53,1,127,8
12:46,46,39,2,322,1
12:49,59,51,1,15,2
12:51,59,88,2,382,4
12:54,14,31,2,264,8
12:57,46,41,1,11,1
13:00,49,48,1,171,2
13:02,91,50,2,265,4
13:05,111,66,2,302,8
13:08,58,89,1,278,4
13:10,58,56,2,372,2
13:13,48,33,1,155,1
13:16,52,41,2,235,2
13:19,89,79,2,173,4
13:21,55,35,2,389,1
13:24,45,44,1,180,2
13:27,58,51,2,282,4
13:30,46,30,1,198,1
13:32,48,57,1,248,2
13:35,64,60,1,113,4
13:38,113,7,1,356,8
13:41,58,41,1,11,1
13:43,48,31,1,82,2
13:46,63,65,1,261,4
13:49,126,84,2,40,8
13:51,53,40,1,366,1
13:54,52,53,1,215,2
13:57,128,27,42,178,8
14:00,55,66,1,189,4
14:02,46,12,2,249,8
14:04,142,22,1,288,8
14:06,70,57,1,152,2
14:08,51,42,2,374,1
14:10,50,32,1,239,2
14:12,47,88,2,200,4
14:14,57,32,1,379,1
14:17,70,32,2,248,2
14:19,69,74,1,33,4
14:21,58,38,2,198,1
14:23,71,37,1,108,2
14:25,98,61,1,16,4
14:27,113,32,1,328,8
14:29,56,44,2,391,1
14:32,46,36,1,166,2
14:34,58,87,2,203,4
14:36,5,5,2,251,8
14:38,50,32,2,322,1
14:40,60,53,1,219,2
14:42,73,56,2,19,4
14:44,47,21,1,393,8
14:47,87,85,1,197,4
14:49,71,31,1,251,2
14:51,50,34,1,111,1
14:53,63,36,2,396,2
14:55,97,75,1,168,4
14:57,55,35,2,161,1
14:59,51,34,1,36,2
15:02,52,78,1,33,4
15:04,49,34,2,102,1
15:06,70,43,1,278,2
15:08,82,73,2,373,4
15:10,33,4,1,79,8
15:12,47,40,2,90,1
15:14,53,35,2,303,2
15:17,70,34,2,4,4
15:19,30,37,1,271,8
15:21,48,32,2,52,1
15:23,63,33,2,266,2
15:25,101,72,1,336,4
15:27,55,36,2,67,8
15:29,46,30,2,177,1
15:32,66,30,2,98,2
15:34,49,37,2,286,1
15:36,55,48,2,6,2
15:38,62,86,2,261,4
15:40,54,36,1,8,1
15:42,71,30,2,335,2
15:44,87,34,2,17,4
15:47,54,36,2,111,1
15:49,54,34,1,25,2
15:51,68,43,1,94,4
15:53,64,21,2,14,8
15:55,52,40,1,124,1
15:57,28,91,56,39,24
16:00,52,33,1,313,1
16:02,57,47,1,290,2
16:05,94,46,1,218,4
16:08,49,39,2,135,1
16:11,64,46,2,348,2
16:14,95,57,1,173,4
16:17,48,38,1,336,1
16:20,61,31,1,24,2
16:23,94,37,1,322,4
16:26,84,15,1,294,8
16:29,55,43,1,330,1
16:32,53,56,2,305,2
16:35,61,31,1,333,4
16:38,33,65,2,3,8
16:41,59,31,2,379,1
16:43,58,51,1,88,2
16:46,95,32,1,3,4
16:49,17,44,2,233,8
16:52,50,42,2,328,2
16:55,88,78,2,279,8
16:58,50,35,2,69,1
17:01,64,46,1,21,2
17:04,75,73,1,112,4
17:07,48,34,2,355,1
17:10,63,45,1,311,2
17:13,84,32,1,382,4
17:16,46,44,1,131,1
17:19,55,52,1,311,2
17:22,101,59,1,6,4
17:24,110,18,1,322,8
17:27,48,43,1,78,1
17:30,55,48,1,173,2
17:33,60,57,2,383,4
17:36,75,91,2,322,8
17:39,58,37,2,136,1
17:42,46,56,2,370,2
17:45,52,65,2,85,4
17:48,126,80,2,378,8
17:51,73,47,2,100,2
17:54,72,69,2,273,4
17:57,127,5,45,10,24
18:00,46,42,2,201,1
18:02,53,44,2,156,2
18:04,53,38,1,58,4
18:07,51,33,1,299,1
18:09,74,57,1,322,2
18:11,100,84,1,315,4
18:14,46,36,2,89,1
18:16,52,44,1,362,2
18:18,56,37,1,214,4
18:21,14,26,1,400,8
18:23,57,35,1,322,1
18:25,66,45,1,270,2
18:28,78,44,2,126,4
18:30,27,24,1,120,8
18:32,45,39,1,241,1
18:35,67,39,2,86,2
18:37,68,49,1,327,4
18:39,50,45,1,26,8
18:42,62,30,2,144,4
18:44,109,55,2,134,24
18:46,51,34,1,104,1
18:49,49,37,1,43,2
18:51,101,65,1,196,4
18:54,57,32,1,380,1
18:56,47,40,1,196,2
18:58,61,70,1,214,4
19:01,45,43,2,50,1
19:03,52,31,1,336,2
19:05,61,53,1,125,4
19:08,77,72,1,317,8
19:10,52,34,2,303,1
19:12,45,45,1,343,2
19:15,73,78,1,207,4
19:17,65,23,1,105,8
19:19,45,34,1,257,1
19:22,57,55,2,197,2
19:24,100,88,1,360,4
19:26,108,11,1,294,8
19:29,62,34,2,203,4
19:31,76,77,1,306,8
19:33,56,44,1,190,1
19:36,74,53,2,326,2
19:38,46,54,2,59,4
19:41,57,33,2,140,1
19:43,55,55,2,364,2
19:45,101,41,1,70,4
19:48,58,34,1,102,1
19:50,74,45,1,294,2
19:52,73,62,1,372,4
19:55,36,95,2,200,8
19:57,86,34,50,387,8
20:00,49,39,3,34,1
20:06,54,38,2,141,2
20:12,54,82,1,259,4
20:18,13,81,2,397,8
20:25,49,30,3,278,1
20:31,64,40,1,124,2
20:37,97,86,1,121,4
20:44,104,64,1,113,8
20:50,54,43,1,225,2
20:56,107,2,3,308,24
21:03,52,35,2,2,1
21:09,51,45,3,309,2
21:15,62,81,2,67,4
21:22,48,41,3,319,1
21:28,58,52,2,196,2
21:34,71,68,3,353,4
21:41,57,31,1,246,1
21:47,69,48,1,195,2
21:53,8,46,36,161,24
22:00,94,64,2,163,4
22:09,6,23,1,201,8
22:18,54,33,1,246,1
22:27,72,53,1,296,2
22:36,99,83,1,233,4
22:46,148,96,1,398,8
22:55,57,44,2,165,1
23:04,66,30,1,83,2
23:13,70,72,2,58,4
23:23,53,25,1,122,8
23:32,46,32,2,380,1
23:41,51,62,2,102,4
23:50,48,44,11,266,1
