00:00,42,68,1,313,8
00:06,139,65,1,318,8
00:12,6,33,1,109,8
00:18,84,53,3,62,4
00:24,80,65,1,53,8
00:30,46,49,2,232,4
00:36,136,33,3,194,8
00:42,72,41,2,192,4
00:48,8,85,3,39,8
00:54,50,51,1,288,2
01:00,71,48,1,366,4
01:06,124,52,3,273,8
01:12,59,32,2,348,1
01:18,56,45,1,372,2
01:24,102,58,3,123,4
01:30,73,79,1,342,8
01:36,49,40,2,112,24
01:42,45,68,3,265,4
01:48,49,31,1,177,1
01:54,52,2,25,15,24
02:00,24,93,1,106,24
02:03,43,37,1,11,8
02:07,20,80,1,114,8
02:10,19,69,1,68,8
02:14,96,87,1,284,4
02:17,38,13,1,270,8
02:21,103,60,1,57,4
02:24,77,77,1,26,8
02:28,91,30,1,271,4
02:31,46,91,1,20,8
02:35,66,53,1,70,2
02:38,96,68,1,95,4
02:42,146,16,1,78,8
02:45,49,39,1,86,1
02:49,65,30,1,132,2
02:52,90,79,1,393,4
02:56,49,65,1,120,8
03:00,61,99,1,359,8
03:03,92,43,1,265,4
03:07,45,41,1,76,1
03:10,51,44,1,239,4
03:14,136,19,1,88,8
03:17,67,18,1,52,8
03:21,31,63,1,30,8
03:24,88,54,1,284,4
03:28,146,43,1,184,8
03:31,77,52,1,256,4
03:35,125,80,1,358,8
03:38,97,72,1,379,4
03:42,46,37,1,118,8
03:45,68,50,1,119,2
03:49,53,46,1,102,4
03:52,87,44,1,328,8
03:56,57,53,30,203,2
04:00,49,44,1,145,1
04:01,74,57,1,299,2
04:03,89,63,1,52,4
04:05,87,92,1,161,8
04:07,52,52,1,19,2
04:09,14,1,1,351,8
04:11,15,61,1,328,8
04:13,52,30,1,35,4
04:15,83,76,1,27,8
04:16,57,12,1,118,8
04:18,147,52,1,161,8
04:20,99,49,1,148,4
04:22,61,74,1,244,8
04:24,85,53,1,377,4
04:26,46,88,1,82,8
04:28,70,52,1,15,4
04:30,66,9,1,234,8
04:31,63,31,1,173,2
04:33,47,69,1,365,4
04:35,113,61,1,115,8
04:37,51,44,1,168,1
04:39,64,51,1,158,2
04:41,93,58,1,352,4
04:43,136,31,1,246,8
04:45,120,70,1,201,8
04:46,53,31,1,396,1
04:48,78,39,1,193,8
04:50,109,85,1,27,24
04:52,10,45,1,378,8
04:54,128,51,1,37,8
04:56,78,5,1,375,8
04:58,95,52,1,116,4
05:00,16,46,1,16,8
05:02,53,74,1,378,4
05:03,93,44,1,390,8
05:05,97,60,1,241,4
05:07,91,61,1,258,8
05:09,70,44,1,64,2
05:11,51,50,1,6,4
05:13,15,18,1,89,8
05:15,53,33,1,210,1
05:17,66,45,1,302,2
05:18,80,49,1,356,4
05:20,106,16,1,281,8
05:22,49,99,1,356,8
05:24,45,84,1,37,4
05:26,102,39,1,25,4
05:28,137,2,1,159,24
05:30,112,96,1,93,8
05:32,11,91,1,33,8
05:33,84,87,1,276,8
05:35,85,81,1,97,4
05:37,34,71,1,242,8
05:39,47,35,1,6,4
05:41,147,35,1,175,8
05:43,66,73,1,349,4
05:45,110,38,1,375,8
05:47,69,31,1,144,2
05:49,50,44,1,273,4
05:50,138,24,1,95,8
05:52,48,37,1,118,1
05:54,45,37,1,20,2
05:56,56,34,1,132,4
05:58,45,32,63,310,1
06:00,75,14,1,281,8
06:01,75,8,1,227,24
06:02,97,55,2,368,4
06:04,49,34,1,84,1
06:05,58,42,2,121,1
06:07,65,7,2,20,8
06:08,66,77,1,18,8
06:09,92,39,2,223,8
06:11,56,61,1,243,4
06:12,96,27,2,328,8
06:14,86,43,1,201,4
06:15,23,66,2,363,8
06:16,87,76,1,159,4
06:18,91,89,2,288,8
06:19,66,57,1,173,2
06:21,52,66,1,182,4
06:22,72,12,1,57,8
06:23,52,30,1,339,1
06:25,54,59,2,352,2
06:26,87,85,2,357,4
06:28,61,53,2,231,8
06:29,67,99,1,118,24
06:31,1,59,2,51,8
06:32,48,38,2,83,2
06:33,110,64,1,181,8
06:35,24,65,1,247,8
06:36,144,95,2,223,8
06:38,131,63,2,229,8
06:39,65,65,2,12,4
06:40,77,94,1,4,8
06:42,81,61,2,7,4
06:43,63,6,2,322,8
06:45,58,77,1,176,4
06:46,4,47,1,226,8
06:47,65,46,1,103,2
06:49,46,73,1,103,4
06:50,7,2,1,194,8
06:52,55,38,2,255,1
06:53,63,32,1,199,2
06:54,72,86,2,62,4
06:56,77,81,2,376,8
06:57,46,41,2,321,1
06:59,138,57,2,294,24
07:00,62,40,1,361,2
07:02,1,58,1,383,24
07:03,94,89,2,193,8
07:04,132,39,2,236,8
07:06,125,63,1,20,8
07:07,69,85,1,101,4
07:09,44,70,1,103,8
07:10,55,73,1,43,4
07:11,149,66,2,188,8
07:13,99,78,2,214,4
07:14,126,47,2,344,8
07:16,62,59,1,48,2
07:17,60,83,2,269,4
07:18,116,75,2,315,8
07:20,47,34,2,69,1
07:21,55,37,2,323,2
07:23,59,55,1,63,4
07:24,28,91,1,266,8
07:26,124,16,2,169,24
07:27,58,38,2,210,1
07:28,66,43,2,150,2
07:30,108,37,2,320,24
07:31,121,29,2,253,8
07:33,70,1,2,162,8
07:34,68,18,2,313,8
07:35,77,49,2,23,4
07:37,96,72,2,383,8
07:38,104,63,2,287,4
07:40,68,51,1,104,8
07:41,102,44,1,74,4
07:42,73,10,1,354,8
07:44,45,37,2,75,2
07:45,82,86,1,62,4
07:47,74,77,1,270,8
07:48,59,40,1,87,1
07:49,61,36,2,361,2
07:51,63,48,2,93,4
07:52,104,65,2,366,8
07:54,88,68,1,186,4
07:55,51,31,2,108,1
07:57,75,81,2,355,8
07:58,92,43,123,131,4
08:00,50,40,1,102,2
08:03,48,35,1,83,1
08:07,52,39,2,50,2
08:11,79,75,2,268,4
08:15,59,43,2,98,1
08:18,70,34,2,38,2
08:22,59,48,2,99,4
08:26,45,35,1,167,1
08:30,72,47,1,324,2
08:33,69,47,2,292,4
08:37,147,24,2,81,8
08:41,58,33,2,363,1
08:45,71,44,2,98,2
08:48,76,39,2,13,4
08:52,14,27,1,2,8
08:56,46,32,2,173,1
09:00,47,39,2,116,2
09:03,103,58,1,347,4
09:07,119,80,1,287,8
09:11,79,96,2,142,24
09:15,65,30,1,142,2
09:18,47,30,2,96,1
09:22,55,57,2,189,2
09:26,76,70,1,21,4
09:30,53,43,1,70,1
09:33,55,44,2,187,2
09:37,72,75,1,116,4
09:41,52,34,1,239,1
09:45,62,51,1,317,2
09:48,74,48,1,226,4
09:52,117,59,2,227,8
09:56,84,38,37,232,24
10:00,53,36,2,148,1
10:02,61,34,3,254,2
10:05,54,66,3,137,4
10:08,33,27,1,239,8
10:11,48,33,3,249,1
10:14,58,44,2,285,2
10:17,85,47,3,194,4
10:20,22,79,1,170,8
10:22,56,67,1,206,8
10:25,66,48,3,27,2
10:28,58,32,2,244,1
10:31,50,41,3,234,2
10:34,61,65,2,331,4
10:37,45,41,2,56,1
10:40,54,48,1,206,2
10:42,86,50,3,31,4
10:45,57,30,3,56,1
10:48,54,48,2,318,2
10:51,54,73,1,256,4
10:54,55,14,2,111,8
10:57,54,35,2,89,1
11:00,68,55,3,64,2
11:02,88,61,2,386,4
11:05,91,97,3,69,8
11:08,51,37,2,23,1
11:11,63,59,3,302,2
11:14,84,33,2,73,4
11:17,141,89,3,199,8
11:20,59,36,1,16,1
11:22,67,55,2,397,2
11:25,46,37,1,291,1
11:28,70,46,1,382,2
11:31,98,89,1,321,4
11:34,55,42,3,258,1
11:37,48,59,3,134,2
11:40,75,66,2,132,4
11:42,56,40,3,88,1
11:45,50,53,1,388,2
11:48,51,80,2,35,4
11:51,60,80,2,320,8
11:54,52,43,3,26,1
11:57,56,30,41,7,1
12:00,47,53,1,112,2
12:01,72,62,1,198,4
12:02,125,88,1,2,8
12:03,49,30,1,390,1
12:04,47,44,1,230,2
12:06,67,52,1,218,4
12:07,37,47,1,229,8
12:08,55,31,1,42,1
12:09,48,57,1,257,2
12:10,53,40,1,213,1
12:12,59,59,1,150,2
12:13,70,57,1,249,4
12:14,50,30,1,174,1
12:15,60,32,1,333,2
12:17,61,52,1,214,4
12:18,49,34,1,148,1
12:19,49,45,1,300,2
12:20,102,75,1,324,4
12:21,63,73,1,18,8
12:23,45,33,1,141,1
12:24,56,34,1,237,2
12:25,57,89,1,272,4
12:26,9,81,1,381,8
12:28,50,39,1,318,1
12:29,50,37,1,97,2
12:30,92,32,1,32,4
12:31,39,75,1,161,8
12:32,51,30,1,223,1
12:34,50,34,1,299,2
12:35,54,40,1,355,1
12:36,45,54,1,1,2
12:37,70,36,1,399,4
12:39,54,33,1,306,1
12:40,52,32,1,142,2
12:41,48,33,1,105,4
12:42,48,43,1,64,1
12:43,59,59,1,166,2
12:45,76,81,1,249,4
12:46,56,88,1,198,8
12:47,58,41,1,256,1
12:48,55,44,1,207,2
12:50,65,87,1,235,4
12:51,117,97,1,147,8
12:52,46,36,1,9,1
12:53,66,50,1,118,2
12:54,45,80,1,201,4
12:56,74,11,1,151,8
12:57,49,55,1,197,2
12:58,67,36,1,47,2
12:59,49,43,1,97,1
13:01,73,49,1,332,2
13:02,77,38,1,347,4
13:03,48,38,1,399,1
13:04,48,51,1,255,2
13:05,80,75,1,316,4
13:07,47,42,1,319,1
13:08,51,31,1,286,2
13:09,67,83,1,286,4
13:10,31,45,1,171,8
13:11,51,37,1,349,1
13:13,54,52,1,194,2
13:14,82,76,1,240,4
13:15,34,76,1,38,8
13:16,59,33,1,393,1
13:18,51,45,1,207,2
13:19,93,83,1,150,4
13:20,112,72,1,229,8
13:21,55,53,1,136,2
13:22,63,44,1,206,2
13:24,57,39,1,136,1
13:25,61,50,1,239,2
13:26,67,49,1,231,4
13:27,53,32,1,220,1
13:29,52,45,1,175,2
13:30,56,48,1,127,4
13:31,54,42,1,297,1
13:32,45,53,1,40,2
13:33,103,74,1,333,4
13:35,140,13,1,348,8
13:36,52,41,1,149,1
13:37,69,32,1,210,2
13:38,82,79,1,384,4
13:40,79,15,1,273,8
13:41,55,44,1,389,1
13:42,48,41,1,37,2
13:43,99,87,1,211,4
13:44,22,15,1,168,8
13:46,67,61,1,223,24
13:47,50,31,1,234,2
13:48,47,30,1,247,1
13:49,60,58,1,308,2
13:51,92,30,1,352,4
13:52,46,36,1,42,1
13:53,58,48,1,265,2
13:54,45,74,1,226,4
13:55,48,39,1,223,1
13:57,61,36,1,155,2
13:58,83,80,96,316,4
14:00,58,42,2,9,4
14:01,127,74,2,4,8
14:02,51,31,2,78,1
14:03,55,59,2,95,2
14:04,67,88,1,208,4
14:05,128,85,1,217,8
14:06,56,31,2,195,1
14:07,73,45,1,225,2
14:08,78,39,1,85,4
14:09,18,25,2,366,8
14:10,56,14,2,221,24
14:11,50,52,2,252,2
14:12,50,44,1,185,1
14:13,64,35,2,166,2
14:14,47,51,2,280,4
14:15,48,33,2,172,1
14:16,56,41,1,28,2
14:17,95,81,2,236,4
14:18,57,30,2,323,1
14:19,69,43,2,31,2
14:20,90,46,1,361,4
14:21,48,17,2,380,8
14:22,48,35,1,335,1
14:23,70,44,2,332,2
14:24,47,41,1,123,4
14:25,10,35,2,320,8
14:26,59,33,1,259,1
14:27,71,55,2,383,2
14:28,64,78,2,233,4
14:29,107,57,2,379,8
14:30,50,32,2,298,1
14:31,69,41,2,151,2
14:32,47,35,1,280,1
14:33,68,40,2,81,2
14:34,50,55,2,11,4
14:35,56,30,2,396,1
14:36,54,32,2,49,2
14:37,103,71,2,198,4
14:38,54,43,1,296,1
14:39,52,31,2,261,2
14:40,61,67,2,89,4
14:41,146,53,1,59,8
14:42,57,36,1,283,1
14:43,48,33,1,324,2
14:44,63,86,2,73,4
14:45,40,91,1,183,8
14:46,45,30,2,189,1
14:47,57,51,2,395,2
14:48,62,73,2,61,4
14:49,41,52,2,348,8
14:50,98,97,1,260,8
14:51,58,36,2,365,2
14:52,46,36,1,4,1
14:53,50,47,2,157,2
14:54,50,60,2,354,4
14:55,47,41,2,10,1
14:56,63,43,2,151,2
14:57,62,37,1,103,4
14:58,46,38,2,211,1
14:59,65,48,1,167,2
15:00,51,86,1,195,4
15:01,69,83,1,240,8
15:02,52,42,2,162,1
15:03,66,38,1,107,2
15:04,71,64,2,388,4
15:05,9,61,1,62,8
15:06,59,42,1,89,1
15:07,50,50,1,181,2
15:08,91,85,2,352,4
15:09,60,3,1,293,8
15:10,109,62,1,133,24
15:11,59,56,2,286,2
15:12,46,30,1,400,1
15:13,51,45,1,245,2
15:14,51,72,1,50,4
15:15,57,35,1,238,1
15:16,52,34,2,285,2
15:17,84,53,1,145,4
15:18,51,42,2,159,1
15:19,48,48,2,284,2
15:20,101,72,2,254,4
15:21,109,85,1,318,8
15:22,50,43,1,154,1
15:23,64,50,2,64,2
15:24,93,83,2,54,4
15:25,66,71,1,114,8
15:26,56,30,2,228,1
15:27,70,56,2,367,2
15:28,87,67,2,319,4
15:29,148,54,2,231,8
15:30,11,59,2,312,8
15:31,69,53,1,230,2
15:32,47,35,1,186,1
15:33,66,41,2,336,2
15:34,47,30,1,16,4
15:35,57,30,1,377,1
15:36,66,55,1,35,2
15:37,103,53,1,355,4
15:38,59,38,1,65,1
15:39,51,56,2,350,2
15:40,80,68,1,134,4
15:41,28,42,1,177,8
15:42,48,30,2,316,1
15:43,54,48,1,340,2
15:44,88,82,1,222,4
15:45,132,59,2,147,8
15:46,57,42,2,19,1
15:47,52,44,2,84,2
15:48,63,80,2,96,4
15:49,136,85,2,346,8
15:50,53,37,1,203,1
15:51,54,50,1,397,2
15:52,48,39,2,201,1
15:53,65,56,2,267,2
15:54,83,56,1,193,4
15:55,47,38,2,149,1
15:56,64,49,1,211,2
15:57,46,35,2,397,4
15:58,57,41,2,184,1
15:59,91,81,73,398,8
16:00,58,40,4,38,1
16:02,54,40,4,374,2
16:05,72,88,4,88,4
16:07,46,44,2,70,1
16:10,63,35,1,205,2
16:12,82,40,3,392,4
16:15,45,31,4,388,1
16:17,60,51,4,109,2
16:20,67,41,4,292,4
16:22,39,74,3,26,8
16:25,55,33,1,111,1
16:28,60,56,2,161,2
16:30,53,52,1,128,4
16:33,138,83,3,307,8
16:35,45,31,3,372,1
16:38,55,51,2,394,2
16:40,96,31,2,12,4
16:43,107,59,2,222,8
16:45,49,40,3,120,24
16:48,91,79,1,26,8
16:50,52,42,2,224,1
16:53,55,38,2,172,2
16:56,94,44,3,342,4
16:58,51,43,3,313,1
17:01,51,55,2,77,2
17:03,65,73,2,38,4
17:06,50,30,3,175,1
17:08,45,56,1,387,2
17:11,51,48,4,168,4
17:13,64,80,2,22,8
17:16,51,34,4,141,1
17:19,74,55,3,268,2
17:21,57,66,4,236,4
17:24,83,94,2,55,8
17:26,57,37,1,5,1
17:29,62,57,4,141,2
17:31,81,36,2,347,4
17:34,136,61,3,222,8
17:36,119,24,3,25,24
17:39,13,57,1,32,8
17:41,58,33,1,90,1
17:44,70,40,2,146,2
17:47,86,82,1,8,4
17:49,50,44,4,67,1
17:52,46,37,4,106,2
17:54,75,87,1,355,4
17:57,91,68,75,313,8
18:00,53,38,1,55,1
18:01,71,55,2,69,2
18:03,104,59,1,137,4
18:04,99,62,2,268,8
18:06,57,42,1,153,1
18:08,65,46,2,327,2
18:09,75,37,2,304,4
18:11,87,5,2,269,8
18:13,49,34,2,36,1
18:14,62,51,1,247,2
18:16,57,64,2,156,4
18:18,124,85,1,323,8
18:19,47,41,1,191,1
18:21,88,88,1,397,8
18:22,59,41,1,169,1
18:24,72,31,2,391,2
18:26,84,54,2,326,4
18:27,59,32,1,299,1
18:29,47,54,2,368,2
18:31,66,58,1,390,4
18:32,55,39,1,365,1
18:34,54,30,1,295,2
18:36,49,40,2,214,4
18:37,29,2,1,122,8
18:39,54,30,1,302,1
18:40,50,49,1,128,2
18:42,102,67,1,303,4
18:44,22,97,1,138,8
18:45,49,37,2,95,1
18:47,54,42,2,41,2
18:49,65,63,2,264,4
18:50,83,93,1,189,8
18:52,96,42,1,45,24
18:54,102,35,1,12,4
18:55,57,32,1,303,1
18:57,62,37,2,128,2
18:59,82,32,1,144,4
19:00,56,33,1,217,1
19:02,48,34,1,307,2
19:03,61,56,2,294,4
19:05,50,30,2,133,1
19:07,59,33,2,55,2
19:08,66,75,1,254,4
19:10,49,75,2,330,8
19:12,47,38,2,330,1
19:13,60,54,2,1,2
19:15,62,36,2,224,4
19:17,142,52,1,346,8
19:18,52,37,1,313,1
19:20,69,56,1,92,2
19:21,46,67,2,230,4
19:23,101,47,1,221,8
19:25,133,21,1,13,24
19:26,64,37,1,128,2
19:28,48,44,1,105,1
19:30,46,54,1,52,2
19:31,92,82,1,1,4
19:33,46,39,1,276,1
19:35,72,49,1,7,2
19:36,51,52,2,185,4
19:38,49,35,1,234,1
19:40,47,49,2,385,2
19:41,56,53,2,243,4
19:43,8,41,1,168,8
19:44,51,43,2,28,1
19:46,52,56,2,256,2
19:48,54,78,2,168,4
19:49,44,21,1,197,8
19:51,57,44,1,241,1
19:53,68,44,1,74,2
19:54,81,65,2,351,4
19:56,73,77,1,223,8
19:58,48,59,110,398,2
20:00,49,39,1,64,2
20:02,57,32,2,380,1
20:05,57,40,2,230,1
20:07,49,48,2,259,2
20:10,52,58,2,113,4
20:13,49,37,2,169,1
20:15,68,44,1,20,2
20:18,56,89,2,8,4
20:20,54,39,1,12,1
20:23,64,35,1,105,2
20:26,74,65,1,27,4
20:28,102,35,1,375,8
20:31,48,39,2,325,1
20:33,56,43,2,253,2
20:36,92,61,2,345,4
20:39,99,57,2,38,8
20:41,45,31,2,317,1
20:44,58,47,1,164,2
20:46,70,78,2,156,4
20:49,146,43,2,36,8
20:52,112,98,1,18,8
20:54,10,47,1,131,24
20:57,52,30,1,222,1
21:00,60,44,1,60,2
21:02,81,48,2,386,4
21:05,50,42,2,58,1
21:07,59,50,1,351,2
21:10,96,87,2,13,4
21:13,47,30,1,130,1
21:15,58,57,1,278,2
21:18,65,44,1,240,4
21:20,149,52,1,57,8
21:23,54,36,2,253,1
21:26,58,52,1,302,2
21:28,61,72,1,348,4
21:31,104,54,1,205,8
21:33,59,33,2,258,1
21:36,58,53,2,311,2
21:39,84,54,1,218,4
21:41,56,7,1,37,8
21:44,45,35,2,228,1
21:47,14,92,1,44,8
21:49,46,38,2,96,1
21:52,72,49,2,320,2
21:54,67,84,2,91,4
21:57,101,84,62,332,4
22:00,48,37,2,156,1
22:05,50,44,1,83,2
22:10,91,49,2,137,4
22:16,57,34,1,92,1
22:21,67,43,1,142,2
22:27,95,52,1,80,4
22:32,75,98,2,347,8
22:38,54,32,1,245,1
22:43,69,33,1,335,2
22:49,90,72,2,264,4
22:54,145,8,1,281,8
22:59,51,40,1,175,1
23:05,66,48,2,368,2
23:10,102,70,2,380,4
23:16,62,26,1,29,8
23:21,54,42,2,121,2
23:27,13,6,2,48,24
23:32,50,43,2,30,1
23:38,51,51,1,397,2
23:43,96,36,1,2,4
23:48,58,42,2,287,1
23:54,51,23,20,307,24
