00:00,137,9,2,92,8
00:10,87,46,2,315,8
00:20,99,49,1,373,8
00:30,62,46,1,271,4
00:40,136,13,1,280,8
00:50,69,39,2,230,4
01:00,112,3,1,215,8
01:10,51,59,1,242,4
01:20,58,16,2,221,8
01:30,64,40,2,26,2
01:40,69,45,2,119,4
01:50,62,85,18,375,4
02:00,107,12,1,324,8
02:08,56,38,2,240,1
02:17,60,40,2,378,2
02:25,102,70,2,26,4
02:34,2,66,2,167,8
02:42,77,78,2,155,4
02:51,50,31,1,26,4
02:59,144,72,2,48,8
03:08,54,64,1,220,4
03:17,2,15,1,27,8
03:25,121,11,1,318,8
03:34,59,33,1,36,8
03:42,86,41,1,287,4
03:51,130,20,16,270,8
04:00,101,24,3,233,8
04:05,47,72,2,325,4
04:10,115,53,3,23,8
04:16,81,34,1,188,4
04:21,76,57,1,285,8
04:27,71,48,1,376,2
04:32,51,87,3,209,4
04:38,145,55,1,147,8
04:43,50,31,3,191,1
04:49,53,46,3,342,2
04:54,91,75,2,10,4
04:59,57,66,3,112,8
05:05,126,13,2,248,8
05:10,147,15,3,116,8
05:16,54,48,3,338,4
05:21,70,51,1,121,4
05:27,87,21,2,51,8
05:32,65,62,2,83,8
05:38,139,64,2,185,8
05:43,82,87,1,152,4
05:48,101,55,2,273,8
05:54,117,57,27,226,24
06:00,96,77,2,165,4
06:01,82,98,1,224,8
06:03,96,57,1,364,4
06:05,43,80,1,385,8
06:06,60,33,2,382,2
06:08,101,40,1,32,4
06:10,78,15,1,188,8
06:11,50,34,2,324,1
06:13,73,31,2,358,2
06:15,95,40,2,39,4
06:16,59,62,1,382,8
06:18,29,58,1,166,24
06:20,75,46,2,383,4
06:21,62,33,1,30,2
06:23,97,48,1,162,4
06:25,148,77,1,327,8
06:27,114,21,2,15,8
06:28,63,53,1,95,8
06:30,55,43,1,207,4
06:32,4,68,2,22,8
06:33,48,77,2,36,4
06:35,59,50,1,355,8
06:37,55,56,1,134,4
06:38,100,91,1,346,8
06:40,55,55,1,366,2
06:42,53,77,1,39,4
06:43,103,86,2,328,8
06:45,49,35,2,76,1
06:47,70,33,2,353,2
06:49,101,69,1,152,4
06:50,142,61,1,112,8
06:52,53,40,2,132,1
06:54,85,40,1,121,8
06:55,55,38,2,285,4
06:57,68,86,1,203,4
06:59,77,89,1,74,8
07:00,20,4,2,388,8
07:02,132,9,2,29,8
07:04,57,47,2,325,4
07:05,1,42,2,211,8
07:07,96,41,1,253,4
07:09,142,63,1,34,8
07:10,101,87,2,365,4
07:12,94,77,1,190,8
07:14,63,46,1,35,2
07:16,56,66,1,321,4
07:17,107,93,2,61,8
07:19,51,42,2,268,1
07:21,61,51,1,393,2
07:22,100,62,2,395,4
07:24,133,47,2,161,8
07:26,108,71,1,253,24
07:27,78,72,1,124,24
07:29,100,99,1,127,24
07:31,68,64,2,4,24
07:32,124,52,1,167,8
07:34,116,46,1,350,8
07:36,134,43,1,153,8
07:38,93,78,2,173,4
07:39,146,55,2,26,8
07:41,62,62,1,271,4
07:43,48,18,1,380,8
07:44,70,32,2,225,4
07:46,1,83,1,300,8
07:48,58,45,1,325,2
07:49,95,68,2,282,4
07:51,42,31,2,276,8
07:53,49,43,2,122,1
07:54,54,42,1,157,2
07:56,87,61,1,359,4
07:58,49,80,46,133,4
08:00,56,36,1,222,2
08:09,50,44,3,150,1
08:18,68,35,3,396,2
08:27,47,56,2,25,4
08:36,46,31,2,196,1
08:46,65,56,1,245,2
08:55,90,31,1,188,4
09:04,46,37,3,381,1
09:13,65,36,3,371,2
09:23,71,89,2,5,4
09:32,52,93,1,208,8
09:41,53,31,2,215,1
09:50,115,92,24,274,8
10:00,74,36,1,245,2
10:03,84,53,1,130,4
10:07,80,20,1,2,8
10:11,45,41,2,74,1
10:15,69,39,1,212,2
10:18,78,38,2,239,4
10:22,107,68,2,174,8
10:26,92,32,1,395,4
10:30,54,54,2,262,2
10:33,55,44,2,357,1
10:37,71,51,1,307,2
10:41,79,61,2,287,4
10:45,57,33,1,396,1
10:48,62,58,1,122,2
10:52,103,81,2,315,4
10:56,51,36,1,345,1
11:00,57,44,2,73,2
11:03,74,45,2,70,4
11:07,58,87,2,95,8
11:11,46,42,1,277,1
11:15,52,53,1,345,2
11:18,48,52,1,5,4
11:22,54,86,1,65,8
11:26,50,36,1,293,1
11:30,67,43,2,351,2
11:33,73,41,1,387,4
11:37,17,83,2,396,8
11:41,49,44,1,74,1
11:45,74,39,1,344,2
11:48,59,34,1,28,1
11:52,74,50,1,309,2
11:56,45,34,29,213,1
12:00,93,75,1,199,4
12:02,54,35,1,137,1
12:04,54,41,1,54,2
12:06,94,76,1,76,4
12:08,52,34,1,325,1
12:10,45,57,1,201,2
12:12,72,31,1,53,4
12:14,4,9,1,195,8
12:16,50,30,1,84,1
12:18,51,32,1,191,2
12:20,77,64,1,14,4
12:22,115,32,1,186,8
12:24,47,36,1,137,1
12:26,71,53,1,284,2
12:28,77,66,1,120,4
12:31,47,58,1,297,8
12:33,72,53,1,224,2
12:35,46,34,1,397,2
12:37,54,36,1,266,1
12:39,59,50,1,186,2
12:41,66,88,1,101,4
12:43,58,37,1,3,1
12:45,61,50,1,244,2
12:47,60,70,1,249,4
12:49,47,43,1,204,1
12:51,71,48,1,343,2
12:53,80,43,1,245,4
12:55,88,88,1,151,8
12:57,57,41,1,241,1
13:00,58,58,1,255,2
13:02,92,63,1,306,4
13:04,69,20,1,35,8
13:06,57,44,1,394,1
13:08,56,36,1,192,2
13:10,74,79,1,354,4
13:12,100,25,1,358,8
13:14,57,49,1,314,2
13:16,47,45,1,288,2
13:18,45,40,1,265,1
13:20,74,50,1,389,2
13:22,54,89,1,205,4
13:24,50,43,1,379,1
13:26,46,57,1,275,2
13:29,58,85,1,379,4
13:31,59,36,1,175,1
13:33,50,46,1,49,2
13:35,89,62,1,27,4
13:37,118,93,1,56,8
13:39,45,36,1,206,1
13:41,48,56,1,373,2
13:43,74,37,1,1,4
13:45,111,58,1,82,8
13:47,55,37,1,375,1
13:49,61,51,1,332,2
13:51,62,42,1,216,4
13:53,18,20,1,106,8
13:55,41,45,1,343,24
13:57,52,33,51,397,2
14:00,57,35,2,389,2
14:02,50,38,2,17,1
14:04,49,44,2,286,2
14:06,57,50,1,331,4
14:08,59,36,2,382,1
14:10,73,37,2,78,2
14:12,53,83,2,258,4
14:14,49,37,2,26,1
14:17,54,31,1,2,2
14:19,104,69,2,147,4
14:21,19,35,1,297,8
14:23,50,38,1,138,1
14:25,52,50,2,136,2
14:27,92,89,1,152,4
14:29,103,95,2,80,8
14:32,53,35,2,258,1
14:34,55,40,2,315,2
14:36,84,41,2,140,4
14:38,92,17,2,388,8
14:40,68,36,1,62,2
14:42,51,52,1,392,2
14:44,53,41,2,9,1
14:47,53,40,1,189,2
14:49,66,88,2,363,4
14:51,47,43,2,299,1
14:53,53,51,1,227,2
14:55,89,88,1,4,4
14:57,45,37,1,54,1
14:59,73,59,2,87,2
15:02,49,50,2,111,4
15:04,29,25,1,202,8
15:06,57,40,1,286,1
15:08,63,48,2,230,2
15:10,100,32,2,305,4
15:12,38,15,2,124,8
15:14,53,42,2,305,1
15:17,72,45,2,352,2
15:19,94,86,2,393,4
15:21,115,21,2,101,8
15:23,53,39,1,344,1
15:25,54,43,2,287,2
15:27,46,38,2,388,1
15:29,49,57,1,354,2
15:32,90,42,2,52,4
15:34,56,43,2,242,1
15:36,69,58,2,247,2
15:38,79,50,2,187,4
15:40,54,42,1,396,1
15:42,65,49,1,346,2
15:44,64,60,1,332,4
15:47,119,36,1,24,8
15:49,54,31,2,47,1
15:51,45,57,1,60,2
15:53,104,38,2,336,4
15:55,57,3,2,37,8
15:57,53,50,55,314,2
16:00,45,37,2,271,1
16:03,66,44,3,122,2
16:06,59,66,1,384,4
16:10,47,32,1,133,1
16:13,64,56,1,310,2
16:17,51,78,1,263,4
16:20,48,31,2,62,1
16:24,65,52,1,165,2
16:27,50,57,3,259,4
16:30,73,5,2,48,8
16:34,49,43,1,203,1
16:37,65,36,1,197,2
16:41,54,33,3,60,4
16:44,46,27,2,354,8
16:48,55,31,2,338,1
16:51,54,49,3,97,2
16:54,100,57,3,357,4
16:58,53,22,2,62,8
17:01,60,80,3,360,4
17:05,64,43,2,160,2
17:08,49,33,2,181,1
17:12,73,52,1,64,2
17:15,88,84,1,112,4
17:18,49,41,3,80,1
17:22,57,36,2,373,2
17:25,91,74,1,271,4
17:29,51,40,1,332,1
17:32,74,35,1,156,2
17:36,85,87,3,361,4
17:39,52,22,3,135,8
17:42,49,35,1,299,1
17:46,70,38,3,100,2
17:49,55,77,3,268,4
17:53,102,94,2,161,8
17:56,53,43,41,365,1
18:00,45,35,2,350,1
18:02,46,34,1,148,2
18:04,59,45,2,83,4
18:06,97,56,1,201,8
18:08,81,34,2,394,24
18:10,65,41,1,312,2
18:12,51,34,1,391,1
18:14,49,50,2,77,2
18:16,80,66,1,53,4
18:18,51,35,1,33,1
18:20,66,49,2,68,2
18:22,84,73,2,240,4
18:24,54,30,2,18,1
18:26,51,39,1,118,2
18:28,103,67,1,101,4
18:30,39,54,1,302,8
18:32,59,31,1,296,1
18:34,51,34,2,316,2
18:36,89,56,2,342,4
18:38,19,3,1,142,8
18:40,48,37,1,106,1
18:42,63,38,1,386,2
18:44,84,66,2,186,4
18:46,137,54,1,299,8
18:48,56,44,1,119,1
18:50,52,35,1,383,1
18:52,47,36,1,42,1
18:54,55,50,1,361,2
18:56,58,32,1,350,4
18:58,52,44,2,49,1
19:00,67,52,2,383,2
19:02,57,82,2,38,4
19:04,55,43,2,322,1
19:06,47,39,2,164,2
19:09,77,57,1,207,4
19:11,17,86,2,79,8
19:13,53,31,1,156,1
19:15,66,57,2,83,2
19:17,75,31,1,208,4
19:19,118,1,2,29,8
19:21,45,43,2,118,1
19:23,51,55,2,115,2
19:25,97,70,1,181,4
19:27,52,8,1,177,8
19:29,79,56,2,349,24
19:31,111,84,2,89,8
19:33,57,43,1,350,1
19:35,61,59,2,20,2
19:37,103,30,2,261,4
19:39,46,44,2,236,1
19:41,71,34,2,256,2
19:43,52,50,2,70,4
19:45,54,37,2,290,1
19:47,58,47,2,6,2
19:49,55,68,2,62,4
19:51,48,24,1,134,8
19:53,52,37,2,368,1
19:55,66,51,2,125,2
19:57,78,6,28,237,8
20:00,47,64,1,106,4
20:04,16,48,2,18,8
20:08,57,34,1,248,1
20:13,70,55,1,195,2
20:17,102,38,2,101,4
20:22,125,58,1,155,8
20:26,44,6,1,95,8
20:31,67,1,1,103,8
20:35,59,42,2,156,1
20:39,62,44,1,207,2
20:44,92,35,1,177,4
20:48,56,36,2,98,1
20:53,63,50,2,178,2
20:57,84,62,2,212,4
21:02,46,33,2,195,1
21:06,72,53,1,378,2
21:11,80,33,2,398,4
21:15,88,10,1,210,8
21:19,59,38,2,119,1
21:24,55,59,1,171,2
21:28,67,59,1,301,4
21:33,108,34,1,311,8
21:37,53,32,1,261,1
21:42,59,58,1,224,2
21:46,50,85,1,227,4
21:51,47,53,2,168,8
21:55,144,52,37,344,8
22:00,45,34,1,19,2
22:12,49,38,1,35,1
22:24,58,38,1,347,1
22:36,63,45,1,72,2
22:48,59,49,1,304,4
23:00,56,30,1,395,1
23:12,49,44,1,186,2
23:24,74,60,1,213,4
23:36,57,39,2,152,1
23:48,73,34,19,354,2
