00:00,22,8,2,151,8
00:08,1,77,4,55,8
00:17,145,32,3,58,8
00:25,87,69,3,193,4
00:34,52,20,1,190,8
00:42,68,67,4,264,4
00:51,1,34,1,292,8
00:59,55,65,3,195,4
01:08,4,78,2,330,8
01:17,72,56,2,26,2
01:25,96,46,4,12,4
01:34,66,91,3,231,8
01:42,54,35,3,2,1
01:51,96,47,25,49,8
02:00,64,46,2,344,2
02:04,57,53,2,247,4
02:08,97,3,1,217,8
02:13,59,34,1,217,1
02:17,72,79,1,26,8
02:22,68,72,1,32,4
02:26,58,38,2,182,1
02:31,56,76,2,388,8
02:35,143,95,2,195,8
02:39,27,72,2,263,8
02:44,95,37,2,47,4
02:48,92,53,1,5,8
02:53,92,48,2,196,4
02:57,82,55,2,327,8
03:02,48,58,1,61,4
03:06,31,95,2,187,8
03:11,52,35,2,21,2
03:15,95,59,2,2,4
03:19,146,29,2,340,8
03:24,45,36,2,21,1
03:28,73,45,2,372,2
03:33,62,74,1,141,4
03:37,66,34,2,70,8
03:42,146,15,1,200,24
03:46,87,36,1,291,4
03:51,82,39,2,29,4
03:55,149,85,17,14,8
04:00,49,36,1,150,1
04:01,145,45,1,90,8
04:03,28,66,1,209,8
04:05,43,56,1,296,8
04:07,79,76,1,144,4
04:09,116,25,1,195,8
04:11,55,68,1,283,4
04:13,104,95,1,77,8
04:15,86,43,1,65,4
04:17,128,48,1,162,8
04:18,60,32,1,7,2
04:20,45,61,1,235,4
04:22,130,65,1,223,8
04:24,57,34,1,209,1
04:26,54,37,1,346,2
04:28,94,39,1,83,4
04:30,48,83,1,238,8
04:32,77,24,1,104,24
04:34,59,42,1,305,1
04:36,56,53,1,129,8
04:37,97,88,1,279,24
04:39,112,36,1,38,8
04:41,149,38,1,314,8
04:43,147,35,1,118,8
04:45,67,82,1,224,4
04:47,27,11,1,184,8
04:49,55,45,1,353,4
04:51,104,53,1,63,8
04:53,100,56,1,370,4
04:55,107,95,1,79,8
04:56,60,34,1,371,2
04:58,86,70,1,314,4
05:00,119,77,1,169,8
05:02,51,37,1,224,1
05:04,68,38,1,383,2
05:06,97,65,1,359,4
05:08,78,38,1,226,8
05:10,78,74,1,115,4
05:12,36,85,1,340,24
05:14,46,57,1,334,8
05:15,39,8,1,265,8
05:17,12,44,1,180,8
05:19,136,48,1,278,8
05:21,48,46,1,168,8
05:23,46,62,1,223,4
05:25,51,45,1,394,8
05:27,53,43,1,166,4
05:29,126,53,1,59,8
05:31,80,41,1,237,4
05:33,9,88,1,340,8
05:34,46,53,1,324,2
05:36,99,33,1,279,4
05:38,147,52,1,111,8
05:40,50,35,1,175,1
05:42,52,34,1,299,2
05:44,55,48,1,8,4
05:46,144,52,1,304,8
05:48,84,79,1,355,24
05:50,85,82,1,108,4
05:52,48,33,1,134,1
05:53,53,57,1,356,2
05:55,53,66,1,251,8
05:57,66,40,58,207,2
06:00,114,71,2,318,8
06:01,129,56,1,161,8
06:03,91,59,2,297,4
06:04,1,91,1,166,8
06:06,52,75,1,247,4
06:07,67,20,3,35,8
06:09,75,30,1,272,4
06:10,143,6,1,290,8
06:12,70,52,3,370,2
06:13,67,52,2,165,4
06:15,46,52,3,289,8
06:16,54,41,1,292,1
06:18,72,55,2,191,2
06:19,89,82,2,305,4
06:21,76,50,2,60,8
06:22,48,35,3,49,1
06:24,115,82,1,253,8
06:25,64,32,2,324,2
06:27,70,83,1,229,24
06:28,26,1,1,81,8
06:30,1,21,3,309,8
06:31,110,61,1,183,8
06:33,99,52,1,277,4
06:34,20,44,3,120,8
06:36,45,45,3,192,4
06:37,108,27,1,47,8
06:39,89,71,1,336,4
06:40,41,7,2,344,8
06:42,57,36,1,188,2
06:43,82,56,3,157,4
06:45,7,26,3,16,8
06:46,52,41,2,211,1
06:48,68,38,1,303,2
06:49,45,40,3,374,4
06:51,110,52,3,108,8
06:52,89,40,1,250,4
06:54,85,75,1,123,4
06:55,89,50,1,116,24
06:57,49,38,2,241,1
06:58,9,17,1,252,8
07:00,116,96,2,19,8
07:01,26,86,2,152,8
07:03,57,63,3,105,4
07:04,80,55,1,386,8
07:06,52,63,3,251,4
07:07,83,84,1,246,8
07:09,56,38,3,208,4
07:10,67,40,1,256,8
07:12,55,54,3,14,2
07:13,94,37,2,297,4
07:15,118,40,3,136,8
07:16,50,44,1,163,1
07:18,62,31,3,163,2
07:19,66,82,2,328,4
07:21,10,85,3,262,8
07:22,45,40,3,170,1
07:24,68,40,1,242,2
07:25,50,37,3,114,2
07:27,85,34,1,217,24
07:28,34,13,3,400,8
07:30,9,35,3,234,8
07:31,72,91,3,149,8
07:33,99,72,1,25,4
07:34,146,91,1,85,8
07:36,99,46,2,371,4
07:37,112,1,2,187,8
07:39,48,68,3,33,4
07:40,41,68,1,274,8
07:42,71,39,1,358,2
07:43,91,43,2,60,4
07:45,138,67,3,32,8
07:46,52,39,1,362,1
07:48,68,48,3,339,2
07:49,52,88,2,361,4
07:51,118,50,1,345,8
07:52,100,17,1,237,24
07:54,34,88,2,155,8
07:55,107,40,1,158,8
07:57,54,59,3,197,8
07:58,54,41,90,306,1
08:00,54,53,1,199,2
08:04,54,36,3,222,1
08:09,61,53,3,31,2
08:13,103,59,1,367,4
08:18,58,37,1,34,1
08:23,66,49,3,163,2
08:27,86,30,2,76,4
08:32,51,40,1,339,1
08:36,68,44,1,87,2
08:41,94,36,1,394,4
08:46,84,62,3,15,8
08:50,53,37,1,64,1
08:55,63,30,3,70,2
09:00,74,52,2,359,4
09:04,137,48,1,16,8
09:09,55,32,3,147,1
09:13,67,56,3,228,2
09:18,99,37,2,332,4
09:23,101,12,2,338,8
09:27,57,33,1,223,2
09:32,66,45,1,172,2
09:37,47,41,2,338,1
09:41,65,42,1,1,2
09:46,92,37,1,385,4
09:50,56,35,2,93,1
09:55,45,41,34,331,1
10:00,61,33,2,250,2
10:02,45,36,1,140,4
10:04,52,38,2,68,1
10:06,73,48,2,60,2
10:09,58,71,2,90,4
10:11,73,21,2,277,8
10:13,50,42,1,354,1
10:16,66,36,2,101,2
10:18,93,50,1,51,4
10:20,17,73,1,347,8
10:23,59,41,1,40,1
10:25,70,45,1,104,2
10:27,51,44,1,120,4
10:30,102,62,1,253,8
10:32,81,41,2,87,4
10:34,51,41,2,70,2
10:36,57,39,2,41,1
10:39,65,53,1,321,2
10:41,80,83,2,156,4
10:43,45,42,2,111,1
10:46,63,39,2,16,2
10:48,79,45,2,119,4
10:50,58,32,2,50,1
10:53,71,39,1,69,2
10:55,86,83,1,48,4
10:57,145,43,2,381,8
11:00,49,42,1,117,1
11:02,72,43,2,312,2
11:04,98,52,2,210,4
11:06,57,10,2,331,8
11:09,54,40,2,383,1
11:11,74,58,2,114,2
11:13,59,39,1,118,4
11:16,108,33,1,25,8
11:18,134,32,2,50,24
11:20,48,44,1,380,2
11:23,48,34,1,236,1
11:25,65,45,2,35,2
11:27,79,53,1,179,4
11:30,50,44,1,212,1
11:32,53,46,1,310,2
11:34,64,43,1,239,4
11:37,52,32,2,198,1
11:39,47,34,1,347,2
11:41,64,45,2,325,4
11:43,108,88,2,132,8
11:46,47,40,1,78,1
11:48,64,38,2,13,2
11:50,47,49,2,363,4
11:53,5,41,2,183,8
11:55,59,34,2,164,1
11:57,45,41,41,278,1
12:00,74,47,2,51,2
12:01,52,82,1,108,4
12:02,22,67,2,143,8
12:04,35,98,2,328,24
12:05,71,50,2,320,2
12:06,56,41,1,8,1
12:08,68,40,2,76,2
12:09,46,81,2,227,4
12:11,53,39,1,109,1
12:12,51,35,2,378,2
12:13,61,77,1,281,4
12:15,47,31,2,300,1
12:16,46,37,1,146,2
12:17,101,40,2,22,4
12:19,81,82,2,218,8
12:20,48,37,2,22,1
12:22,57,58,2,386,2
12:23,74,82,2,153,4
12:24,7,22,1,239,8
12:26,55,43,2,344,1
12:27,74,36,1,189,2
12:28,55,73,2,195,4
12:30,119,11,1,274,8
12:31,125,22,2,22,8
12:33,60,51,2,28,2
12:34,46,38,2,110,1
12:35,66,49,2,242,2
12:37,63,57,2,321,4
12:38,50,42,1,79,1
12:40,59,30,2,391,2
12:41,49,39,1,114,4
12:42,53,36,1,217,1
12:44,65,48,2,139,2
12:45,76,38,1,294,4
12:46,106,6,2,392,8
12:48,52,44,2,259,1
12:49,52,34,2,260,2
12:51,82,61,1,298,4
12:52,15,96,2,260,8
12:53,49,34,2,231,1
12:55,51,49,2,315,2
12:56,102,34,1,272,4
12:57,85,58,2,65,8
12:59,51,58,1,86,4
13:00,45,44,1,271,2
13:02,48,35,2,312,1
13:03,74,59,2,213,2
13:04,57,35,1,113,4
13:06,58,31,1,27,1
13:07,67,54,1,395,2
13:08,65,54,1,173,4
13:10,49,37,1,375,1
13:11,74,52,2,136,2
13:13,71,83,2,83,4
13:14,64,38,1,11,8
13:15,56,35,1,86,1
13:17,48,33,1,317,2
13:18,78,36,1,258,4
13:20,133,6,2,328,8
13:21,50,36,2,372,1
13:22,59,54,1,199,2
13:24,48,52,1,99,4
13:25,81,41,1,258,8
13:26,55,30,2,73,1
13:28,64,52,1,360,2
13:29,54,40,1,104,1
13:31,49,40,1,73,2
13:32,73,51,1,257,4
13:33,55,41,1,48,1
13:35,50,43,1,186,2
13:36,46,85,2,301,4
13:37,55,43,2,61,1
13:39,54,51,2,298,2
13:40,51,34,2,67,4
13:42,74,44,1,85,8
13:43,56,30,2,98,1
13:44,61,35,1,329,2
13:46,65,68,2,210,4
13:47,56,47,1,47,8
13:49,52,30,1,339,1
13:50,53,53,2,159,2
13:51,77,77,2,3,4
13:53,67,46,1,73,8
13:54,99,21,1,143,24
13:55,64,50,2,14,2
13:57,59,40,1,218,1
13:58,56,51,51,249,24
14:00,73,43,2,11,2
14:01,71,50,1,156,4
14:02,52,30,2,179,1
14:03,54,31,1,393,2
14:04,55,34,1,37,4
14:05,53,33,1,239,1
14:06,72,33,1,231,2
14:07,66,57,1,354,4
14:09,64,3,2,24,8
14:10,47,42,1,346,1
14:11,65,52,2,115,2
14:12,69,64,2,372,4
14:13,111,31,1,125,8
14:14,53,35,1,55,1
14:15,48,31,1,383,2
14:17,90,83,1,307,4
14:18,102,48,1,210,8
14:19,59,36,1,214,1
14:20,73,33,1,332,2
14:21,57,39,2,168,1
14:22,50,49,1,175,2
14:23,47,58,1,336,4
14:25,47,37,1,379,1
14:26,50,42,1,159,2
14:27,88,89,2,193,4
14:28,48,41,1,175,1
14:29,62,31,2,51,2
14:30,98,67,2,393,4
14:31,25,61,1,90,8
14:33,55,39,1,229,1
14:34,46,50,1,339,2
14:35,62,43,2,203,4
14:36,69,45,2,185,8
14:37,54,32,2,316,1
14:38,66,36,2,341,2
14:39,89,61,1,347,4
14:41,134,47,2,323,8
14:42,83,88,1,295,8
14:43,73,37,1,131,2
14:44,57,39,2,27,1
14:45,48,32,1,229,2
14:46,87,83,2,350,4
14:47,59,39,2,259,1
14:49,66,30,1,295,2
14:50,102,58,1,309,4
14:51,52,31,1,40,1
14:52,50,54,1,392,2
14:53,65,73,2,174,4
14:54,51,58,1,263,8
14:55,57,33,2,272,1
14:56,47,34,1,334,2
14:58,98,82,2,304,4
14:59,116,55,1,170,8
15:00,45,36,1,373,1
15:01,66,31,2,299,2
15:02,57,63,1,250,4
15:03,88,13,2,260,8
15:04,59,33,2,21,2
15:06,70,32,2,61,2
15:07,46,39,2,26,1
15:08,58,54,1,399,2
15:09,67,56,2,71,4
15:10,59,39,2,25,1
15:11,70,32,2,372,2
15:12,101,71,2,162,4
15:14,58,43,1,28,1
15:15,53,47,2,326,2
15:16,103,68,1,28,4
15:17,64,98,2,381,8
15:18,52,31,1,364,1
15:19,48,33,1,309,2
15:20,83,85,2,336,4
15:22,139,98,2,352,8
15:23,59,36,2,255,1
15:24,58,40,2,387,2
15:25,83,33,2,153,4
15:26,7,92,1,353,8
15:27,49,43,1,40,8
15:28,55,49,1,149,2
15:30,51,42,2,30,1
15:31,48,37,2,68,2
15:32,87,75,2,110,4
15:33,58,44,2,118,1
15:34,67,52,2,325,2
15:35,81,34,1,147,4
15:36,58,37,2,245,1
15:38,57,46,1,43,2
15:39,63,87,2,304,4
15:40,101,34,1,208,8
15:41,45,42,2,203,1
15:42,69,40,2,87,2
15:43,70,86,1,315,4
15:44,84,78,1,222,8
15:46,56,41,2,399,1
15:47,74,55,1,15,2
15:48,79,77,1,208,4
15:49,36,53,1,76,8
15:50,90,45,2,186,4
15:51,55,53,2,21,2
15:52,59,31,2,299,1
15:53,67,44,2,169,2
15:55,50,30,1,180,4
15:56,45,37,2,127,1
15:57,55,51,1,334,2
15:58,114,10,89,108,24
16:00,47,40,3,113,1
16:02,66,57,3,198,2
16:05,82,56,3,264,4
16:08,57,37,3,177,1
16:11,55,37,1,321,2
16:14,56,89,4,140,4
16:17,50,30,2,399,1
16:20,73,47,1,196,2
16:23,55,72,2,101,4
16:26,5,18,3,363,8
16:29,47,39,3,359,1
16:32,59,45,2,184,2
16:35,93,64,4,118,4
16:38,73,98,4,180,8
16:41,46,31,3,41,1
16:43,62,41,3,65,2
16:46,89,34,2,204,4
16:49,92,80,3,95,8
16:52,35,33,3,112,24
16:55,58,43,3,367,1
16:58,50,37,4,359,1
17:01,59,33,4,272,2
17:04,72,72,4,80,4
17:07,50,31,1,298,1
17:10,55,43,2,107,2
17:13,55,86,3,175,4
17:16,48,40,3,364,1
17:19,71,45,2,386,2
17:22,96,78,3,334,4
17:24,15,74,2,275,8
17:27,46,35,1,175,1
17:30,57,59,4,241,2
17:33,47,37,4,365,4
17:36,10,65,2,125,8
17:39,53,33,1,56,1
17:42,45,39,3,351,2
17:45,90,54,1,140,4
17:48,52,74,1,368,8
17:51,95,52,3,54,4
17:54,72,52,1,381,4
17:57,57,36,75,274,1
18:00,54,44,2,326,1
18:02,51,37,2,117,2
18:04,54,62,2,344,4
18:07,57,34,2,251,1
18:09,67,53,3,86,2
18:11,86,66,3,300,4
18:14,51,35,3,39,1
18:16,48,46,1,62,2
18:18,57,84,1,85,4
18:21,110,57,2,333,8
18:23,52,40,1,266,1
18:25,58,34,3,236,2
18:28,56,32,1,317,4
18:30,95,51,3,124,8
18:32,47,43,1,99,1
18:35,60,46,3,395,2
18:37,81,41,1,140,4
18:39,60,91,2,363,8
18:42,131,55,2,248,8
18:44,55,33,3,97,1
18:46,51,44,3,99,1
18:49,51,51,3,55,2
18:51,65,83,1,105,4
18:54,51,30,1,388,1
18:56,64,39,3,397,2
18:58,58,87,3,3,4
19:01,52,33,3,211,1
19:03,63,40,1,233,2
19:05,77,85,2,380,4
19:08,16,14,3,186,8
19:10,51,34,1,324,1
19:12,74,53,3,276,2
19:15,70,71,3,196,4
19:17,32,87,3,197,8
19:19,49,31,3,274,1
19:22,59,57,1,26,2
19:24,60,74,1,303,4
19:26,127,76,3,204,8
19:29,48,55,2,68,2
19:31,51,57,1,2,2
19:33,56,30,2,366,1
19:36,57,48,3,140,2
19:38,63,59,2,14,4
19:41,55,39,2,233,1
19:43,46,40,3,102,2
19:45,102,47,3,219,4
19:48,51,40,3,81,1
19:50,45,32,1,31,2
19:52,72,85,3,136,4
19:55,36,17,1,339,8
19:57,99,58,90,383,4
20:00,52,43,1,259,1
20:03,62,54,2,75,2
20:06,103,31,3,49,4
20:09,58,20,1,390,8
20:13,47,31,2,145,1
20:16,45,33,2,155,2
20:19,100,38,1,91,4
20:23,44,72,3,287,8
20:26,40,66,3,22,24
20:29,50,33,3,28,1
20:33,48,33,3,157,1
20:36,60,49,2,234,2
20:39,79,88,2,315,4
20:43,52,35,2,124,1
20:46,74,31,2,140,2
20:49,48,69,3,71,4
20:53,51,30,2,321,1
20:56,59,37,3,395,2
20:59,49,53,1,216,4
21:03,116,57,1,76,8
21:06,49,34,2,359,1
21:09,51,51,1,44,2
21:13,47,70,2,212,4
21:16,10,27,3,244,8
21:19,58,37,3,158,1
21:23,70,56,1,277,2
21:26,102,64,3,316,4
21:29,80,49,2,232,8
21:33,49,40,2,133,1
21:36,148,62,2,82,24
21:39,51,41,2,159,1
21:43,60,47,2,390,2
21:46,62,55,1,263,4
21:49,54,37,1,35,1
21:53,52,50,2,318,2
21:56,46,49,51,394,24
22:00,84,43,2,356,4
22:08,46,34,2,271,1
22:17,66,56,2,115,2
22:25,87,66,2,252,4
22:34,149,61,2,69,8
22:42,53,39,3,383,1
22:51,63,33,3,227,2
22:59,52,35,1,111,4
23:08,79,80,3,275,8
23:17,59,43,2,53,1
23:25,63,47,3,271,2
23:34,69,39,2,284,4
23:42,91,10,1,13,8
23:51,56,48,20,85,2
