00:00,18,3,1,386,8
00:04,112,28,2,296,8
00:09,81,79,2,136,8
00:13,55,48,1,88,4
00:18,77,28,1,360,8
00:23,104,39,1,358,4
00:27,58,31,2,390,8
00:32,93,81,2,284,4
00:36,97,22,1,217,8
00:41,52,59,2,330,2
00:46,69,84,1,269,4
00:50,11,61,2,147,8
00:55,59,35,2,346,1
01:00,64,41,2,66,2
01:04,53,85,2,161,4
01:09,71,14,1,119,8
01:13,69,68,1,16,4
01:18,56,40,2,165,1
01:23,70,56,2,24,2
01:27,108,56,1,77,24
01:32,32,41,1,376,8
01:37,35,99,2,313,8
01:41,48,18,1,232,8
01:46,84,74,2,70,4
01:50,43,74,1,104,8
01:55,50,24,24,354,8
02:00,80,51,1,195,4
02:06,148,97,1,399,8
02:13,45,32,1,233,4
02:20,123,64,3,251,8
02:26,58,31,1,319,2
02:33,102,52,3,53,4
02:40,108,43,2,216,8
02:46,49,36,2,4,1
02:53,46,46,1,254,2
03:00,90,62,2,106,4
03:06,132,17,3,194,8
03:13,29,47,3,366,24
03:20,45,35,2,271,1
03:26,56,38,2,318,1
03:33,54,44,1,164,2
03:40,84,73,1,189,8
03:46,94,54,2,90,8
03:53,47,97,35,86,8
04:00,109,99,1,388,8
04:01,77,66,1,236,4
04:03,86,87,1,16,8
04:05,86,36,1,54,4
04:06,132,49,1,264,8
04:08,85,47,1,87,4
04:10,67,49,1,246,8
04:12,46,49,1,80,2
04:13,46,77,1,307,4
04:15,106,28,1,337,8
04:17,57,36,1,9,1
04:19,49,32,1,11,2
04:20,101,66,1,206,4
04:22,137,99,1,338,8
04:24,70,35,1,220,2
04:26,47,34,1,331,2
04:27,64,55,1,376,2
04:29,63,34,1,7,2
04:31,107,35,1,220,8
04:33,112,1,1,268,8
04:34,118,78,1,39,8
04:36,54,36,1,241,4
04:38,120,74,1,245,8
04:40,60,55,1,73,4
04:41,131,42,1,11,8
04:43,64,38,1,17,4
04:45,10,82,1,158,8
04:46,56,31,1,254,2
04:48,104,58,1,245,4
04:50,63,20,1,43,8
04:52,56,37,1,154,1
04:53,70,48,1,343,2
04:55,51,39,1,325,4
04:57,106,88,1,80,8
04:59,53,31,1,323,8
05:00,46,53,1,255,2
05:02,46,41,1,309,1
05:04,48,91,1,248,24
05:06,106,83,1,201,8
05:07,46,73,1,281,8
05:09,123,15,1,160,8
05:11,78,46,1,94,4
05:13,145,87,1,24,8
05:14,91,63,1,249,4
05:16,136,23,1,130,8
05:18,72,68,1,188,4
05:20,91,89,1,288,8
05:21,48,34,1,397,2
05:23,77,64,1,319,4
05:25,12,91,1,96,8
05:27,46,34,1,377,1
05:28,53,47,1,83,2
05:30,50,52,1,349,4
05:32,2,11,1,110,8
05:33,138,51,1,247,24
05:35,139,9,1,70,8
05:37,71,75,1,238,4
05:39,60,86,1,29,8
05:40,137,8,1,132,8
05:42,97,94,1,16,8
05:44,112,22,1,377,8
05:46,54,82,1,196,4
05:47,1,12,1,190,8
05:49,89,75,1,176,4
05:51,17,61,1,385,8
05:53,53,79,1,221,4
05:54,100,87,1,315,8
05:56,49,41,1,128,2
05:58,32,5,65,29,24
06:00,65,88,2,252,4
06:01,129,73,2,177,8
06:02,57,44,2,171,1
06:03,74,53,1,84,2
06:05,79,58,2,54,4
06:06,47,73,2,292,8
06:07,69,36,1,254,2
06:09,85,65,2,343,4
06:10,63,47,2,257,2
06:11,100,63,1,249,8
06:13,64,46,2,104,8
06:14,49,7,1,276,8
06:15,43,9,2,154,8
06:17,93,64,2,372,4
06:18,80,46,2,165,8
06:19,57,37,1,91,4
06:21,129,29,2,295,8
06:22,94,69,1,131,4
06:23,67,2,1,50,8
06:25,73,55,2,247,2
06:26,54,76,1,199,4
06:27,94,2,2,352,8
06:29,47,36,1,112,1
06:30,66,34,2,102,2
06:31,84,50,2,341,4
06:33,8,27,1,23,8
06:34,61,44,2,57,2
06:35,62,37,2,240,8
06:36,46,33,2,328,1
06:38,45,34,2,261,1
06:39,86,18,2,16,8
06:40,57,84,2,333,8
06:42,14,23,1,334,8
06:43,78,89,2,88,4
06:44,22,15,1,208,8
06:46,46,53,1,183,4
06:47,13,70,2,387,8
06:48,60,50,1,363,4
06:50,46,45,1,37,8
06:51,73,31,1,280,2
06:52,57,64,1,372,4
06:54,8,56,2,53,8
06:55,45,44,1,309,1
06:56,58,33,2,304,2
06:58,92,79,2,191,4
06:59,14,62,2,17,8
07:00,51,49,1,400,2
07:02,110,86,2,82,24
07:03,18,32,1,211,8
07:04,55,53,2,16,4
07:06,94,50,1,358,8
07:07,23,61,2,164,8
07:08,2,87,1,369,8
07:09,89,48,1,272,4
07:11,132,65,2,376,8
07:12,81,53,1,275,4
07:13,109,28,2,165,8
07:15,87,71,1,52,4
07:16,139,72,2,40,8
07:17,72,46,2,109,2
07:19,57,61,1,84,4
07:20,104,51,1,105,8
07:21,58,36,2,250,1
07:23,60,58,2,182,2
07:24,48,44,2,222,4
07:25,136,4,1,89,8
07:27,63,44,1,346,4
07:28,72,51,2,311,2
07:29,47,85,2,52,4
07:31,86,49,1,135,4
07:32,118,92,1,76,8
07:33,117,95,1,128,8
07:35,18,66,2,181,8
07:36,77,79,1,216,4
07:37,87,72,1,333,8
07:39,53,32,2,9,4
07:40,28,31,1,378,8
07:41,85,34,2,76,4
07:42,86,63,1,324,8
07:44,66,31,2,107,2
07:45,101,84,1,131,4
07:46,48,12,1,150,8
07:48,46,43,2,314,1
07:49,59,33,1,3,2
07:50,68,82,1,168,4
07:52,91,61,2,194,8
07:53,68,35,1,240,2
07:54,55,40,2,378,2
07:56,69,83,1,47,4
07:57,56,48,2,49,4
07:58,102,83,132,31,24
08:00,47,31,1,28,2
08:04,52,37,2,190,1
08:08,55,56,1,256,2
08:12,80,42,2,304,4
08:17,49,40,2,334,1
08:21,59,31,1,344,2
08:25,71,34,2,142,4
08:30,57,38,1,169,1
08:34,51,55,3,330,2
08:38,96,35,3,268,4
08:42,95,37,3,363,8
08:47,48,41,2,292,1
08:51,64,46,3,67,2
08:55,104,78,2,315,4
09:00,107,25,3,195,8
09:04,47,31,2,308,1
09:08,70,50,2,336,2
09:12,98,81,2,325,4
09:17,106,67,2,125,8
09:21,116,31,3,69,8
09:25,59,45,2,74,2
09:30,45,34,2,386,1
09:34,74,51,3,45,2
09:38,94,32,3,338,4
09:42,59,40,1,136,1
09:47,51,41,2,194,2
09:51,103,47,1,204,4
09:55,97,50,32,259,4
10:00,56,36,1,286,1
10:01,54,32,1,146,2
10:03,77,37,1,91,4
10:05,10,19,1,223,8
10:06,49,30,1,159,1
10:08,46,59,1,60,2
10:10,82,60,1,76,4
10:11,82,98,1,192,8
10:13,51,33,1,117,1
10:15,52,46,1,15,2
10:16,48,88,1,344,4
10:18,54,3,1,30,8
10:20,61,41,1,340,2
10:21,48,47,1,191,2
10:23,56,31,1,208,1
10:25,47,42,1,82,2
10:27,63,35,1,197,4
10:28,54,36,1,65,1
10:30,74,53,1,105,2
10:32,64,49,1,84,4
10:33,50,33,1,56,1
10:35,71,47,1,111,2
10:37,47,38,1,339,4
10:38,56,9,1,367,8
10:40,52,38,1,214,1
10:42,61,50,1,120,2
10:43,104,61,1,133,4
10:45,70,61,1,63,8
10:47,55,37,1,187,1
10:49,62,34,1,300,2
10:50,101,60,1,263,4
10:52,88,56,1,247,8
10:54,60,22,1,70,8
10:55,72,36,1,183,2
10:57,57,30,1,302,1
10:59,70,38,1,283,2
11:00,100,66,1,398,4
11:02,50,42,1,166,1
11:04,69,37,1,92,2
11:05,85,32,1,202,4
11:07,45,43,1,355,1
11:09,63,50,1,311,2
11:10,65,56,1,400,4
11:12,82,9,1,37,8
11:14,50,39,1,213,1
11:16,67,43,1,400,2
11:17,45,47,1,241,4
11:19,56,17,1,200,8
11:21,46,35,1,249,1
11:22,59,52,1,226,2
11:24,102,69,1,68,4
11:26,119,14,1,71,8
11:27,70,27,1,101,8
11:29,48,50,1,310,2
11:31,54,37,1,240,1
11:32,46,33,1,265,2
11:34,82,43,1,284,4
11:36,45,31,1,369,1
11:38,68,32,1,154,2
11:39,85,34,1,84,4
11:41,47,30,1,34,1
11:43,51,59,1,91,2
11:44,70,65,1,270,4
11:46,114,36,1,4,8
11:48,54,43,1,20,1
11:49,47,55,1,1,2
11:51,98,64,1,326,4
11:53,138,89,1,399,8
11:54,47,41,1,353,1
11:56,49,35,1,312,2
11:58,69,50,64,36,4
12:00,46,54,4,45,4
12:02,96,28,4,237,8
12:05,138,27,3,123,8
12:07,62,43,4,318,2
12:10,55,39,2,196,1
12:12,52,30,1,124,2
12:15,69,50,1,334,4
12:17,59,43,4,324,1
12:20,71,53,1,80,2
12:22,83,60,1,60,4
12:25,50,33,4,319,1
12:27,65,59,3,295,2
12:30,64,71,1,394,4
12:32,56,12,1,258,8
12:35,53,44,4,179,1
12:37,51,31,3,264,2
12:40,88,35,3,398,4
12:42,128,78,1,191,8
12:45,46,43,3,276,1
12:47,62,37,2,175,2
12:50,72,53,3,352,4
12:52,5,13,1,89,8
12:55,91,31,1,44,24
12:57,71,48,2,207,2
13:00,50,34,1,268,1
13:02,66,35,3,50,2
13:05,66,69,4,384,4
13:07,57,43,1,332,1
13:10,51,33,3,25,2
13:12,92,70,1,96,4
13:15,47,34,1,10,1
13:17,47,36,2,375,2
13:20,56,56,3,35,4
13:22,141,94,4,210,8
13:25,54,34,1,112,1
13:27,46,47,1,27,2
13:30,60,31,3,14,4
13:32,148,41,4,242,8
13:35,50,40,2,150,1
13:37,71,53,4,321,2
13:40,103,82,3,68,4
13:42,50,81,2,263,8
13:45,121,61,4,207,24
13:47,63,30,3,91,2
13:50,56,44,4,15,1
13:52,71,42,2,289,2
13:55,63,36,3,380,4
13:57,56,48,85,386,4
14:00,47,42,1,57,1
14:01,66,32,2,228,2
14:02,102,31,1,111,4
14:03,45,36,2,351,1
14:04,51,58,1,139,2
14:05,81,55,2,208,4
14:06,28,37,2,153,8
14:07,47,40,1,386,1
14:08,56,43,2,230,2
14:09,52,77,2,49,4
14:10,92,32,2,11,8
14:11,59,36,1,256,1
14:12,54,32,2,309,2
14:13,54,52,2,245,4
14:14,2,91,2,371,8
14:15,74,67,1,202,4
14:16,68,59,1,146,2
14:17,51,43,1,218,1
14:18,69,37,2,179,2
14:19,75,77,2,177,4
14:20,46,37,2,268,1
14:21,72,45,2,177,2
14:22,103,34,1,155,4
14:23,47,40,2,42,1
14:24,64,59,2,8,2
14:25,74,48,2,358,4
14:26,61,91,2,65,8
14:27,53,31,1,15,1
14:28,53,44,2,284,2
14:29,46,83,2,340,4
14:30,6,55,2,357,8
14:31,55,44,2,78,1
14:32,70,52,1,260,2
14:33,62,81,2,117,4
14:34,86,85,1,325,8
14:35,104,43,2,300,8
14:36,66,31,1,31,2
14:37,51,43,2,169,1
14:38,53,54,1,84,2
14:39,49,87,1,280,4
14:40,51,43,2,293,1
14:41,64,49,1,167,2
14:42,79,49,2,189,4
14:43,59,35,2,62,1
14:44,58,57,1,282,2
14:45,50,36,2,353,4
14:46,51,26,2,232,8
14:47,49,37,1,294,1
14:48,58,51,2,389,2
14:49,87,86,1,1,4
14:50,19,81,1,198,8
14:51,50,33,1,141,1
14:52,66,39,2,98,2
14:53,73,73,2,187,4
14:54,102,42,2,250,8
14:55,58,31,1,210,2
14:56,50,42,1,195,2
14:57,55,35,2,4,1
14:58,63,36,1,386,2
14:59,57,72,1,163,4
15:00,46,30,1,309,1
15:01,58,59,1,92,2
15:02,103,84,1,46,4
15:03,47,37,1,270,1
15:04,70,58,2,300,2
15:05,77,56,2,3,4
15:06,13,61,2,56,8
15:07,51,43,1,154,1
15:08,51,57,1,359,2
15:09,91,42,2,258,4
15:10,55,71,2,256,8
15:11,52,30,1,45,1
15:12,62,37,1,163,2
15:13,55,88,2,78,4
15:14,134,26,2,223,8
15:15,49,41,2,246,1
15:16,66,46,2,94,2
15:17,45,38,2,69,1
15:18,70,39,1,338,2
15:19,51,84,2,40,4
15:20,58,41,1,139,1
15:21,61,33,1,296,2
15:22,104,30,1,378,4
15:23,54,32,2,251,1
15:24,59,56,2,93,2
15:25,61,85,2,234,4
15:26,101,26,2,150,8
15:27,56,32,1,373,1
15:28,73,40,2,137,2
15:29,97,75,2,205,4
15:30,113,96,2,88,8
15:31,50,40,1,232,1
15:32,47,37,2,273,2
15:33,89,33,2,164,4
15:34,78,40,2,47,8
15:35,55,33,1,95,1
15:36,61,59,1,112,2
15:37,54,44,2,114,1
15:38,70,40,1,8,2
15:39,72,68,2,275,4
15:40,56,37,2,139,1
15:41,46,35,2,386,2
15:42,86,83,1,74,4
15:43,58,35,1,319,1
15:44,67,55,2,67,2
15:45,57,43,1,181,4
15:46,72,33,2,153,8
15:47,50,37,1,325,1
15:48,47,48,1,148,2
15:49,103,65,2,208,4
15:50,14,9,1,209,8
15:51,53,33,2,282,1
15:52,49,45,1,353,2
15:53,97,37,1,289,4
15:54,30,47,1,191,8
15:55,64,86,1,189,4
15:56,48,36,1,77,2
15:57,52,41,2,293,1
15:58,52,47,1,58,2
15:59,57,37,87,228,1
16:00,55,44,3,138,1
16:02,59,55,2,333,2
16:04,74,85,3,348,4
16:07,57,42,4,150,1
16:09,59,49,1,127,2
16:11,90,60,2,141,4
16:14,58,31,3,392,1
16:16,45,55,2,278,2
16:18,58,65,1,162,4
16:21,119,52,4,232,8
16:23,56,37,1,35,1
16:25,64,56,3,213,2
16:28,87,59,1,249,4
16:30,95,42,4,80,8
16:32,52,43,2,27,1
16:35,72,40,2,213,2
16:37,94,44,4,389,4
16:39,108,35,1,32,8
16:42,147,59,4,164,24
16:44,108,74,3,136,24
16:46,59,43,1,128,1
16:49,53,35,4,97,2
16:51,47,72,4,149,4
16:54,51,39,2,150,1
16:56,48,48,3,131,2
16:58,87,58,2,340,4
17:01,51,44,1,240,1
17:03,69,57,2,310,2
17:05,67,44,2,392,4
17:08,144,78,4,79,8
17:10,56,44,2,4,1
17:12,50,37,1,15,2
17:15,82,35,2,218,4
17:17,18,22,3,91,8
17:19,52,36,3,367,1
17:22,59,54,2,142,2
17:24,62,33,1,241,4
17:26,114,45,2,336,8
17:29,48,42,2,38,1
17:31,131,59,4,158,8
17:33,47,36,2,137,1
17:36,69,37,3,40,2
17:38,100,57,4,5,4
17:41,52,34,3,160,1
17:43,72,46,4,161,2
17:45,83,71,3,334,4
17:48,50,41,4,72,1
17:50,72,45,3,77,2
17:52,86,48,4,20,4
17:55,74,57,3,55,8
17:57,127,95,71,48,8
18:00,58,41,2,207,1
18:01,58,39,2,3,2
18:03,97,63,3,205,4
18:04,126,32,2,73,8
18:06,56,40,2,93,1
18:08,57,39,1,212,2
18:09,58,44,1,252,4
18:11,41,81,2,74,8
18:13,54,26,1,59,24
18:14,106,16,1,116,24
18:16,57,36,3,99,1
18:18,49,55,3,207,2
18:19,94,52,3,272,4
18:21,55,42,2,255,1
18:22,46,50,1,147,2
18:24,50,48,3,182,4
18:26,55,31,1,260,1
18:27,51,34,3,216,2
18:29,76,34,2,9,4
18:31,127,52,1,95,8
18:32,46,30,1,363,1
18:34,54,49,1,27,2
18:36,90,71,1,156,4
18:37,42,73,1,325,8
18:39,47,43,2,229,1
18:40,74,45,2,103,2
18:42,54,49,1,89,4
18:44,61,74,1,326,8
18:45,65,41,2,350,2
18:47,68,78,2,298,4
18:49,55,42,2,75,1
18:50,53,37,1,6,2
18:52,94,67,3,165,4
18:54,55,43,2,385,1
18:55,73,39,1,393,2
18:57,56,32,3,141,4
18:59,51,44,2,291,1
19:00,53,34,3,203,2
19:02,50,88,3,161,4
19:03,68,45,2,199,8
19:05,46,41,3,269,1
19:07,73,31,2,276,2
19:08,71,79,1,332,4
19:10,96,46,2,257,8
19:12,51,37,3,46,1
19:13,68,30,3,276,2
19:15,97,84,3,80,4
19:17,48,23,2,18,8
19:18,54,38,1,284,2
19:20,51,34,3,176,1
19:21,47,41,2,319,1
19:23,64,39,1,130,2
19:25,81,33,3,228,4
19:26,47,30,1,383,1
19:28,65,50,1,95,2
19:30,72,80,2,4,4
19:31,45,33,3,380,1
19:33,62,57,2,365,2
19:35,101,62,1,268,4
19:36,79,71,3,306,8
19:38,47,31,1,392,1
19:40,71,46,1,353,2
19:41,65,73,1,247,4
19:43,126,98,1,41,8
19:44,55,32,2,207,1
19:46,61,43,2,279,2
19:48,53,55,3,74,4
19:49,136,8,3,96,8
19:51,25,78,2,240,8
19:53,54,42,3,239,1
19:54,58,37,1,234,1
19:56,57,44,1,389,2
19:58,59,34,84,213,1
20:00,97,50,1,362,4
20:01,55,42,2,87,1
20:03,73,34,2,86,2
20:05,99,85,2,27,4
20:07,59,30,2,16,1
20:09,61,33,2,174,2
20:11,73,62,1,300,4
20:13,40,11,2,349,8
20:15,59,31,2,218,1
20:16,65,58,1,352,2
20:18,64,59,2,289,4
20:20,49,84,1,171,8
20:22,48,37,2,162,1
20:24,69,44,2,257,2
20:26,95,57,1,47,4
20:28,1,12,2,36,8
20:30,79,42,2,19,4
20:31,79,1,1,395,8
20:33,46,31,1,62,1
20:35,61,39,2,285,2
20:37,59,88,1,53,4
20:39,45,34,1,28,1
20:41,51,54,1,337,2
20:43,57,51,2,277,4
20:45,57,39,2,234,1
20:46,55,54,2,305,2
20:48,80,65,1,126,4
20:50,21,44,1,289,8
20:52,50,31,2,42,1
20:54,45,41,1,178,2
20:56,47,83,1,122,4
20:58,105,80,2,389,8
21:00,59,37,1,272,1
21:02,63,52,2,295,2
21:03,50,70,2,109,4
21:05,101,31,2,96,8
21:07,137,3,1,235,24
21:09,62,7,2,295,8
21:11,46,34,1,203,1
21:13,65,51,2,341,2
21:15,51,63,1,372,4
21:17,50,44,2,265,1
21:18,47,32,2,24,2
21:20,61,55,2,227,4
21:22,53,32,2,231,1
21:24,53,58,2,301,2
21:26,104,31,2,105,4
21:28,113,81,2,218,8
21:30,53,44,1,356,1
21:32,51,48,2,59,2
21:33,56,68,2,187,4
21:35,35,62,1,181,8
21:37,46,40,1,293,1
21:39,65,37,1,328,2
21:41,47,66,1,51,4
21:43,77,91,1,90,8
21:45,55,13,2,2,24
21:47,61,47,2,172,2
21:49,53,38,2,233,1
21:50,48,30,1,279,2
21:52,62,79,1,182,4
21:54,49,40,2,19,1
21:56,52,56,2,300,2
21:58,31,66,37,265,24
22:00,48,35,2,23,4
22:04,51,39,1,391,1
22:09,65,51,1,297,2
22:14,81,80,1,39,4
22:19,88,2,1,257,8
22:24,56,42,2,1,1
22:28,46,56,1,206,2
22:33,78,76,2,3,4
22:38,104,46,1,187,8
22:43,58,40,1,252,1
22:48,66,35,2,297,2
22:52,55,67,1,58,4
22:57,144,19,2,348,8
23:02,102,5,1,264,8
23:07,45,39,1,165,1
23:12,54,38,1,80,1
23:16,74,48,2,140,2
23:21,54,84,1,150,4
23:26,53,37,2,203,1
23:31,70,30,1,246,2
23:36,77,89,2,330,4
23:40,54,41,2,382,1
23:45,64,37,1,230,2
23:50,70,43,2,135,4
23:55,50,44,19,36,1
