00:00,148,67,1,245,8
00:10,67,97,3,244,8
00:21,80,47,2,134,8
00:32,58,62,3,341,4
00:43,62,71,2,116,8
00:54,60,38,3,228,4
01:05,36,37,3,197,8
01:16,88,86,3,209,4
01:27,85,65,3,67,8
01:38,50,46,2,131,2
01:49,73,26,16,369,24
02:00,99,64,1,384,4
02:06,22,49,2,169,8
02:12,47,30,1,372,1
02:18,56,51,1,185,2
02:24,47,73,2,151,4
02:30,86,33,2,365,8
02:36,64,59,1,97,2
02:42,92,29,2,395,24
02:48,53,31,2,286,2
02:54,111,35,1,265,24
03:00,49,58,1,129,8
03:06,55,91,2,257,8
03:12,78,65,2,50,8
03:18,83,66,2,33,4
03:24,38,9,1,132,8
03:30,91,54,2,121,4
03:36,145,12,1,374,8
03:42,73,75,1,313,4
03:48,61,41,2,208,8
03:54,73,62,12,102,8
04:00,73,34,1,376,2
04:03,91,85,2,138,4
04:06,54,75,2,294,8
04:10,46,43,2,204,1
04:13,60,51,1,316,2
04:17,71,42,1,220,4
04:20,4,42,1,212,8
04:24,50,57,2,318,24
04:27,50,55,1,30,2
04:30,97,58,1,257,4
04:34,118,43,1,24,8
04:37,26,22,1,348,8
04:41,74,25,2,313,8
04:44,88,1,1,3,8
04:48,53,63,2,116,4
04:51,33,11,1,396,8
04:54,55,89,1,282,4
04:58,47,14,2,313,8
05:01,89,82,1,335,4
05:05,18,75,2,145,8
05:08,48,40,2,399,2
05:12,103,46,2,162,4
05:15,81,87,1,262,8
05:18,57,30,1,39,1
05:22,72,33,2,98,2
05:25,51,41,2,35,4
05:29,138,26,2,60,8
05:32,72,72,1,175,24
05:36,61,91,2,262,24
05:39,54,53,2,49,24
05:42,94,46,1,63,4
05:46,1,28,1,391,8
05:49,134,43,2,276,8
05:53,119,34,2,174,8
05:56,53,31,32,152,1
06:00,86,53,1,281,4
06:01,7,22,1,289,8
06:02,89,87,1,232,4
06:04,83,26,1,142,8
06:05,68,63,1,114,4
06:06,6,70,1,262,8
06:08,45,38,1,143,2
06:09,62,77,1,296,4
06:10,112,78,1,392,8
06:12,55,36,1,255,1
06:13,62,47,1,238,2
06:14,64,85,1,274,4
06:16,12,1,1,40,8
06:17,52,38,1,160,1
06:19,48,39,1,343,1
06:20,52,31,1,325,1
06:21,30,25,1,233,24
06:23,11,33,1,346,8
06:24,78,11,1,171,8
06:25,72,9,1,168,8
06:27,47,64,1,24,4
06:28,107,48,1,313,8
06:29,81,56,1,289,4
06:31,145,63,1,22,8
06:32,92,35,1,69,4
06:34,21,14,1,326,8
06:35,51,44,1,381,2
06:36,85,33,1,199,4
06:38,52,83,1,297,8
06:39,55,40,1,251,1
06:40,69,47,1,4,2
06:42,58,42,1,309,4
06:43,146,93,1,129,8
06:44,64,99,1,111,8
06:46,82,15,1,278,24
06:47,81,19,1,227,24
06:48,66,80,1,232,24
06:50,4,16,1,266,8
06:51,58,68,1,305,8
06:53,84,83,1,78,8
06:54,75,46,1,134,4
06:55,136,1,1,138,8
06:57,94,51,1,305,4
06:58,20,84,1,203,8
06:59,60,71,1,283,4
07:01,86,48,1,366,8
07:02,50,51,1,10,2
07:03,63,42,1,248,4
07:05,138,81,1,333,8
07:06,50,44,1,272,1
07:08,66,31,1,212,2
07:09,48,64,1,216,4
07:10,121,65,1,50,8
07:12,56,47,1,197,4
07:13,49,41,1,326,8
07:14,60,61,1,113,4
07:16,33,18,1,215,8
07:17,55,41,1,179,8
07:18,19,62,1,7,8
07:20,59,23,1,262,8
07:21,70,47,1,181,4
07:22,21,86,1,171,8
07:24,47,58,1,324,4
07:25,86,65,1,101,8
07:27,96,69,1,346,4
07:28,35,12,1,131,8
07:29,51,33,1,314,2
07:31,72,70,1,87,4
07:32,84,44,1,120,8
07:33,51,31,1,232,1
07:35,54,34,1,172,2
07:36,96,71,1,110,4
07:37,46,22,1,221,8
07:39,66,45,1,29,2
07:40,55,34,1,257,1
07:42,38,19,1,196,8
07:43,77,55,1,143,8
07:44,4,25,1,85,8
07:46,27,14,1,140,8
07:47,142,23,1,153,8
07:48,91,64,1,88,4
07:50,101,58,1,81,8
07:51,91,40,1,289,4
07:52,44,70,1,361,8
07:54,56,58,1,41,4
07:55,120,80,1,27,8
07:56,65,31,1,261,2
07:58,52,42,82,167,1
08:00,48,48,2,11,2
08:06,46,43,1,155,1
08:12,69,46,1,264,2
08:18,48,63,1,214,4
08:25,57,31,2,141,1
08:31,45,40,1,42,2
08:37,63,42,2,36,4
08:44,48,32,2,307,1
08:50,74,52,2,131,2
08:56,68,88,1,283,4
09:03,30,20,2,9,8
09:09,53,32,1,296,1
09:15,65,55,2,200,2
09:22,45,78,1,216,4
09:28,39,39,2,96,8
09:34,46,39,2,318,1
09:41,45,34,2,113,2
09:47,79,65,2,48,4
09:53,91,91,26,52,8
10:00,92,31,1,235,8
10:03,101,2,1,354,8
10:07,74,50,1,110,2
10:10,46,32,1,146,1
10:14,51,43,2,244,2
10:17,71,67,1,345,4
10:21,49,31,1,236,1
10:24,59,43,1,344,2
10:28,51,44,2,310,4
10:31,50,37,2,237,1
10:35,49,39,2,397,2
10:38,68,40,2,385,4
10:42,20,39,2,273,8
10:45,55,34,1,134,1
10:49,65,30,1,238,2
10:52,68,80,2,309,4
10:56,102,5,1,246,8
11:00,59,37,1,131,1
11:03,70,49,2,389,2
11:07,102,30,2,15,4
11:10,91,91,1,252,8
11:14,23,79,2,194,24
11:17,74,58,2,282,2
11:21,46,32,1,275,1
11:24,49,50,2,142,2
11:28,83,51,2,59,4
11:31,56,37,1,251,1
11:35,68,34,2,295,2
11:38,81,46,2,320,4
11:42,45,36,1,126,1
11:45,65,52,1,58,2
11:49,87,45,2,154,4
11:52,73,57,2,33,8
11:56,46,94,33,118,24
12:00,47,37,1,118,1
12:02,59,49,1,267,2
12:04,64,64,2,342,4
12:06,71,72,1,47,8
12:08,45,44,1,220,1
12:11,53,55,2,286,2
12:13,57,58,2,190,4
12:15,99,95,2,271,8
12:17,56,35,2,163,1
12:19,64,57,1,260,2
12:22,51,30,2,20,1
12:24,49,31,1,397,2
12:26,70,85,2,231,4
12:28,58,43,2,232,1
12:31,74,38,1,161,2
12:33,94,67,2,61,4
12:35,46,34,1,350,1
12:37,71,37,1,141,2
12:39,90,50,1,344,4
12:42,99,46,1,330,8
12:44,50,38,2,380,1
12:46,47,57,1,40,2
12:48,51,83,1,35,4
12:51,31,57,1,166,8
12:53,57,31,2,328,1
12:55,45,37,1,205,2
12:57,63,73,1,318,4
12:59,30,31,2,220,8
13:02,124,55,2,84,8
13:04,62,37,2,139,2
13:06,48,34,2,350,1
13:08,71,41,2,321,2
13:11,45,82,2,54,4
13:13,53,41,2,273,1
13:15,57,41,2,368,2
13:17,52,79,2,199,4
13:19,51,40,2,275,1
13:22,54,53,2,14,2
13:24,60,60,2,117,4
13:26,136,12,1,215,8
13:28,56,30,1,358,1
13:31,63,53,2,179,2
13:33,72,85,2,103,4
13:35,133,91,1,198,8
13:37,51,32,2,40,1
13:39,71,42,2,181,2
13:42,96,32,1,237,4
13:44,24,9,1,389,8
13:46,111,61,1,187,24
13:48,71,44,1,380,2
13:51,55,37,2,196,1
13:53,61,40,2,387,2
13:55,77,61,1,274,4
13:57,72,42,43,80,2
14:00,55,33,2,247,1
14:02,54,59,3,90,2
14:04,50,45,1,353,4
14:07,54,36,2,49,1
14:09,69,53,2,147,2
14:11,65,32,3,239,4
14:14,66,27,1,302,8
14:16,57,41,3,251,1
14:18,72,58,1,132,2
14:21,87,50,2,66,4
14:23,94,39,3,59,8
14:25,51,32,1,64,1
14:28,47,33,3,200,2
14:30,63,34,3,227,4
14:32,17,48,2,117,8
14:35,71,40,2,120,24
14:37,58,46,1,257,2
14:39,52,40,2,114,1
14:42,70,56,3,247,2
14:44,88,34,3,400,4
14:46,48,30,2,355,1
14:49,60,57,3,336,2
14:51,72,77,1,179,4
14:54,48,42,1,302,1
14:56,72,31,2,182,2
14:58,90,60,1,107,4
15:01,50,49,2,296,8
15:03,55,31,3,381,1
15:05,67,42,1,191,2
15:08,64,83,3,265,4
15:10,101,61,2,358,8
15:12,49,32,1,91,1
15:15,53,34,1,312,2
15:17,47,72,2,366,4
15:19,78,77,3,391,8
15:22,20,35,3,58,8
15:24,54,36,2,118,2
15:26,55,31,1,6,1
15:29,63,43,3,200,2
15:31,79,76,1,250,4
15:33,50,34,2,150,1
15:36,63,59,3,238,2
15:38,104,38,3,308,4
15:41,45,38,2,359,1
15:43,55,39,3,83,2
15:45,49,35,3,362,4
15:48,136,24,3,308,8
15:50,57,33,1,77,1
15:52,53,31,2,201,2
15:55,88,67,1,218,4
15:57,53,37,66,293,1
16:00,57,41,2,87,1
16:02,53,51,2,200,2
16:05,100,77,2,86,4
16:08,58,34,1,138,1
16:10,69,30,1,124,2
16:13,57,85,1,245,4
16:16,47,37,2,73,1
16:18,52,45,1,95,2
16:21,74,64,2,72,4
16:24,53,67,1,206,8
16:26,50,43,1,372,1
16:29,65,46,1,175,2
16:32,64,77,2,349,4
16:34,99,49,2,169,8
16:37,51,38,2,386,1
16:40,63,57,1,237,2
16:42,75,45,2,103,4
16:45,127,91,2,331,8
16:48,148,89,1,339,8
16:50,56,44,1,190,1
16:53,47,42,1,185,1
16:56,70,41,2,96,2
16:58,63,81,1,47,4
17:01,46,43,1,216,1
17:04,52,42,1,381,2
17:06,70,34,2,120,4
17:09,58,40,2,59,1
17:12,64,50,2,50,2
17:14,51,34,2,349,4
17:17,128,32,1,235,8
17:20,55,32,1,289,1
17:22,65,45,1,285,2
17:25,81,55,2,276,4
17:28,101,1,2,157,8
17:30,53,35,2,74,1
17:33,58,36,2,65,2
17:36,94,35,2,233,4
17:38,57,11,1,198,8
17:41,51,42,2,225,1
17:44,6,59,1,96,8
17:46,54,41,1,108,1
17:49,66,53,1,217,2
17:52,79,84,1,243,4
17:54,51,43,2,68,1
17:57,90,59,58,172,4
18:00,59,32,2,231,2
18:02,63,33,1,1,4
18:04,59,33,1,312,1
18:07,48,49,1,182,2
18:09,104,70,1,306,4
18:12,1,46,2,312,8
18:14,59,40,2,152,1
18:16,49,30,2,400,2
18:19,83,39,2,287,4
18:21,34,95,1,16,8
18:24,59,39,2,104,1
18:26,57,47,2,346,2
18:28,92,33,2,112,4
18:31,43,67,1,180,8
18:33,145,69,1,242,24
18:36,74,80,2,147,4
18:38,48,32,1,144,1
18:40,53,55,2,234,2
18:43,93,81,1,61,4
18:45,57,43,1,10,1
18:48,66,59,2,339,2
18:50,76,57,1,224,4
18:52,49,35,1,254,1
18:55,61,55,1,188,2
18:57,50,30,1,326,4
19:00,98,13,1,8,8
19:02,57,32,2,181,1
19:04,57,32,1,114,2
19:07,96,53,2,213,4
19:09,108,88,1,61,8
19:12,57,36,1,172,1
19:14,49,52,1,106,2
19:16,81,67,1,36,4
19:19,61,19,2,241,8
19:21,72,49,2,153,2
19:24,148,7,2,110,8
19:26,54,35,1,43,1
19:28,60,39,2,144,2
19:31,54,73,1,128,4
19:33,46,31,2,334,1
19:36,45,45,1,50,2
19:38,50,47,2,362,4
19:40,59,31,2,150,1
19:43,54,42,1,254,2
19:45,57,42,1,218,4
19:48,95,92,2,284,8
19:50,46,34,2,289,1
19:52,51,56,1,302,2
19:55,67,53,2,188,4
19:57,10,35,67,226,8
20:00,103,18,1,42,8
20:02,47,30,1,335,1
20:05,71,33,1,304,2
20:08,73,80,1,363,4
20:10,139,65,1,374,8
20:13,56,37,1,257,1
20:16,60,46,1,47,2
20:18,52,38,1,380,1
20:21,69,47,1,96,2
20:24,60,62,1,325,4
20:26,54,34,1,351,1
20:29,62,41,1,43,2
20:32,91,57,1,8,4
20:34,56,31,1,255,1
20:37,56,41,1,390,2
20:40,100,34,1,181,4
20:42,141,54,1,207,8
20:45,46,32,1,234,1
20:48,72,52,1,196,2
20:50,100,35,1,243,4
20:53,129,1,1,99,8
20:56,47,30,1,242,1
20:58,64,58,1,22,2
21:01,92,39,1,127,4
21:04,136,24,1,351,8
21:06,53,43,1,318,1
21:09,103,80,1,280,4
21:12,55,38,1,13,1
21:14,45,30,1,325,2
21:17,74,76,1,33,4
21:20,54,40,1,79,1
21:22,49,53,1,81,2
21:25,66,89,1,235,4
21:28,52,34,1,240,1
21:30,60,38,1,191,2
21:33,68,60,1,344,4
21:36,101,15,1,160,8
21:38,50,42,1,178,1
21:41,50,52,1,190,2
21:44,61,43,1,303,4
21:46,8,76,1,274,8
21:49,48,44,1,194,1
21:52,67,55,1,372,2
21:54,71,75,1,230,4
21:57,58,74,41,152,4
22:00,91,75,1,167,8
22:07,1,15,1,16,24
22:14,49,41,1,75,1
22:21,53,43,1,107,1
22:28,67,57,1,351,2
22:35,71,88,1,88,4
22:42,50,37,1,124,1
22:49,61,40,1,3,2
22:56,98,32,1,279,4
23:03,52,34,1,275,1
23:10,49,54,1,86,2
23:17,76,63,1,17,4
23:24,1,27,1,258,8
23:31,50,31,1,137,1
23:38,66,37,1,395,2
23:45,52,64,1,97,4
23:52,101,38,17,310,4
