00:00,112,23,1,34,8
00:06,27,74,1,236,8
00:13,30,74,1,94,8
00:20,47,77,1,177,4
00:26,137,64,2,329,8
00:33,66,78,2,282,4
00:40,5,25,1,206,8
00:46,80,49,2,323,4
00:53,74,56,1,274,8
01:00,69,36,2,117,2
01:06,70,31,2,113,4
01:13,55,40,2,93,8
01:20,47,37,2,21,1
01:26,62,38,2,58,2
01:33,47,81,2,240,4
01:40,94,57,2,343,8
01:46,43,14,1,219,24
01:53,53,33,18,194,1
02:00,58,36,2,53,2
02:08,52,31,3,240,2
02:17,96,24,2,189,24
02:25,34,20,3,193,8
02:34,102,56,3,365,8
02:42,116,59,2,249,8
02:51,83,84,1,75,4
02:59,52,85,1,380,8
03:08,57,36,3,240,4
03:17,11,51,1,113,8
03:25,80,80,3,130,4
03:34,81,5,1,65,8
03:42,47,42,1,203,2
03:51,63,89,20,323,4
04:00,83,60,3,53,4
04:04,5,11,1,109,8
04:08,48,31,3,380,1
04:12,49,43,1,157,2
04:16,104,69,1,1,4
04:20,134,74,3,213,8
04:24,52,44,2,261,1
04:28,115,34,3,78,24
04:33,51,41,3,193,1
04:37,85,30,2,135,4
04:41,119,67,3,18,8
04:45,57,67,1,108,8
04:49,119,45,3,124,8
04:53,48,35,1,88,4
04:57,126,93,1,118,8
05:02,58,45,3,112,4
05:06,106,91,3,132,8
05:10,70,43,1,204,4
05:14,52,12,1,283,8
05:18,74,59,3,165,2
05:22,59,77,2,320,4
05:26,17,91,3,239,8
05:31,45,32,1,59,1
05:35,67,51,3,85,2
05:39,90,54,1,241,4
05:43,84,51,1,379,8
05:47,15,5,1,87,24
05:51,46,30,3,176,1
05:55,68,92,36,321,8
06:00,94,12,2,40,24
06:01,51,62,1,291,4
06:02,113,8,1,151,8
06:04,38,17,2,261,8
06:05,24,9,1,198,8
06:07,81,42,1,377,4
06:08,35,71,1,60,8
06:09,85,88,2,372,4
06:11,72,5,2,342,8
06:12,84,82,2,364,4
06:14,74,52,2,334,8
06:15,48,58,1,376,2
06:16,77,74,2,257,4
06:18,52,99,2,329,8
06:19,46,38,1,116,1
06:21,57,36,1,398,2
06:22,103,86,2,342,4
06:23,111,35,2,302,8
06:25,102,66,2,253,8
06:26,118,91,2,96,8
06:28,45,50,2,194,2
06:29,45,35,2,348,1
06:31,62,67,1,70,8
06:32,66,67,2,387,8
06:33,8,61,1,244,8
06:35,56,34,2,269,4
06:36,23,9,1,315,8
06:38,56,34,2,314,4
06:39,1,78,2,116,8
06:40,65,68,2,363,4
06:42,46,29,2,310,8
06:43,51,50,2,81,2
06:45,87,51,1,355,4
06:46,52,64,2,306,8
06:47,47,32,1,14,1
06:49,52,56,2,391,2
06:50,45,79,1,335,4
06:52,94,29,1,216,8
06:53,55,87,2,15,4
06:54,46,33,2,24,1
06:56,57,39,2,363,1
06:57,112,63,2,374,8
06:59,134,53,2,285,8
07:00,31,20,1,154,8
07:02,121,42,2,211,8
07:03,93,71,2,388,4
07:04,38,85,2,311,8
07:06,74,65,1,344,4
07:07,26,44,2,174,8
07:09,72,48,1,20,4
07:10,141,5,1,218,8
07:11,59,33,2,65,2
07:13,101,85,2,291,4
07:14,52,34,2,380,8
07:16,45,36,1,115,1
07:17,59,46,2,283,2
07:18,85,86,2,393,4
07:20,139,66,2,67,8
07:21,68,53,1,349,2
07:23,73,41,1,3,2
07:24,58,71,2,135,4
07:26,67,31,1,278,2
07:27,36,1,2,187,8
07:28,41,91,2,179,8
07:30,76,71,2,149,8
07:31,104,43,1,289,4
07:33,120,33,2,338,8
07:34,98,72,2,19,4
07:35,113,45,2,280,8
07:37,53,84,2,207,4
07:38,141,52,2,389,8
07:40,72,41,2,375,2
07:41,97,76,1,275,4
07:42,146,88,2,287,8
07:44,45,44,1,13,1
07:45,46,47,1,22,2
07:47,99,43,2,9,4
07:48,4,16,1,362,8
07:49,46,42,1,23,2
07:51,19,61,2,98,8
07:52,91,72,2,289,8
07:54,14,51,1,310,24
07:55,117,26,1,356,8
07:57,116,35,2,166,8
07:58,104,39,50,107,4
08:00,65,41,2,123,2
08:04,57,38,1,315,1
08:08,72,52,2,89,2
08:12,64,54,2,312,4
08:16,47,41,1,151,1
08:20,57,54,1,210,2
08:24,103,79,2,10,4
08:28,56,40,1,98,1
08:33,67,49,2,385,2
08:37,74,70,1,243,4
08:41,38,9,1,351,8
08:45,54,40,2,102,1
08:49,72,36,2,149,2
08:53,96,39,2,98,4
08:57,61,10,2,215,8
09:02,47,36,2,244,1
09:06,50,44,2,209,2
09:10,76,36,2,30,4
09:14,112,77,2,53,8
09:18,28,26,2,184,8
09:22,54,37,1,262,2
09:26,51,42,1,81,1
09:31,57,50,1,242,2
09:35,103,45,2,305,4
09:39,47,37,1,229,1
09:43,49,54,1,386,2
09:47,63,40,1,75,4
09:51,47,38,2,7,1
09:55,106,20,18,324,24
10:00,59,48,1,370,2
10:02,79,84,1,221,4
10:04,52,18,1,385,8
10:07,53,42,1,57,1
10:09,62,47,1,178,2
10:12,68,81,1,129,4
10:14,129,48,1,244,8
10:17,49,40,1,189,1
10:19,55,34,1,400,2
10:22,77,32,1,285,4
10:24,46,38,1,155,8
10:26,73,67,1,386,4
10:29,48,42,1,14,2
10:31,53,32,1,215,1
10:34,61,59,1,281,2
10:36,103,79,1,394,4
10:39,47,43,1,394,1
10:41,70,32,1,139,2
10:44,68,82,1,54,4
10:46,51,32,1,322,1
10:49,67,32,1,299,2
10:51,92,82,1,45,4
10:53,109,61,1,283,8
10:56,47,35,1,343,1
10:58,53,43,1,127,2
11:01,104,88,1,324,4
11:03,22,72,1,259,8
11:06,58,33,1,233,1
11:08,54,36,1,20,2
11:11,77,46,1,125,4
11:13,93,98,1,242,8
11:15,79,55,1,213,24
11:18,54,30,1,206,2
11:20,56,34,1,182,1
11:23,70,30,1,40,2
11:25,81,37,1,159,4
11:28,59,37,1,140,1
11:30,56,35,1,351,2
11:33,53,31,1,32,4
11:35,46,41,1,317,1
11:38,53,32,1,272,2
11:40,103,34,1,137,4
11:42,101,97,1,57,8
11:45,47,35,1,216,1
11:47,51,58,1,68,2
11:50,78,46,1,63,4
11:52,95,37,1,261,8
11:55,46,38,1,326,1
11:57,56,36,46,295,1
12:00,59,41,2,394,2
12:02,62,48,1,375,4
12:05,25,12,2,346,8
12:07,143,48,3,193,8
12:10,55,57,3,397,2
12:13,48,40,2,186,1
12:15,58,52,3,257,2
12:18,66,49,2,304,4
12:20,59,30,3,26,1
12:23,67,52,2,138,2
12:26,89,75,3,103,4
12:28,53,31,1,353,1
12:31,48,36,3,338,2
12:33,91,86,2,384,4
12:36,17,73,1,13,8
12:39,45,43,2,176,1
12:41,66,49,3,288,2
12:44,99,59,3,396,4
12:46,13,73,3,38,8
12:49,47,34,3,47,1
12:52,66,35,1,356,2
12:54,99,46,2,310,4
12:57,73,70,1,240,8
13:00,7,54,1,394,24
13:02,63,36,3,302,2
13:05,48,34,1,199,1
13:07,60,44,2,156,2
13:10,94,76,3,55,4
13:13,56,39,2,1,1
13:15,69,42,2,53,2
13:18,80,59,1,134,4
13:20,59,38,2,304,1
13:23,67,41,3,58,2
13:26,85,84,3,111,4
13:28,131,80,2,6,8
13:31,47,37,3,249,1
13:33,63,47,2,322,2
13:36,49,36,1,43,4
13:39,15,57,3,166,8
13:41,58,41,2,357,1
13:44,45,57,2,173,2
13:47,67,73,2,122,4
13:49,13,32,1,363,8
13:52,48,38,3,77,1
13:54,74,36,1,10,2
13:57,30,59,45,111,8
14:00,58,44,1,156,1
14:02,52,45,2,391,2
14:04,55,77,1,335,4
14:06,48,37,3,144,1
14:08,67,32,3,114,2
14:10,88,39,1,268,4
14:12,50,41,2,121,1
14:14,67,50,3,307,2
14:16,47,55,1,31,4
14:18,149,46,2,138,8
14:20,47,30,3,293,1
14:22,68,51,1,171,2
14:24,74,66,1,11,4
14:26,10,4,1,313,8
14:28,54,41,3,12,1
14:30,70,45,2,385,2
14:32,64,42,3,69,4
14:34,6,49,2,237,8
14:36,56,38,2,269,1
14:38,56,31,2,138,2
14:40,51,35,3,283,1
14:42,56,41,2,72,2
14:44,90,87,1,375,4
14:46,57,40,1,142,1
14:48,66,31,1,177,2
14:50,71,46,3,165,4
14:52,46,43,1,269,1
14:54,72,45,2,46,2
14:56,71,64,3,345,4
14:58,66,42,1,65,8
15:00,48,42,2,141,1
15:02,57,35,3,96,2
15:04,64,79,3,66,4
15:06,132,47,1,33,8
15:08,57,39,3,355,1
15:10,64,45,1,298,2
15:12,71,54,1,397,4
15:14,114,4,2,345,8
15:16,47,39,3,367,2
15:18,64,35,1,39,2
15:20,57,38,3,363,1
15:22,64,56,2,243,2
15:24,98,71,2,69,4
15:26,47,35,1,385,1
15:28,52,38,1,19,2
15:30,95,65,1,137,4
15:32,55,34,3,349,1
15:34,54,41,1,149,2
15:36,92,75,1,251,4
15:38,71,41,1,333,8
15:40,55,30,3,262,1
15:42,69,59,3,327,2
15:44,98,78,1,183,4
15:46,115,79,3,337,8
15:48,57,38,3,359,1
15:50,53,41,1,168,2
15:52,47,70,3,92,4
15:54,138,2,3,135,8
15:56,120,58,1,169,24
15:58,42,35,77,158,24
16:00,45,32,1,321,1
16:02,71,42,1,292,2
16:04,102,30,2,244,4
16:06,46,43,2,98,1
16:08,55,38,2,41,2
16:10,70,42,2,11,4
16:12,49,34,1,41,1
16:14,55,51,2,82,2
16:16,57,66,2,252,4
16:18,52,51,1,87,8
16:20,54,31,2,243,1
16:22,50,53,2,207,2
16:24,99,34,2,146,4
16:26,137,54,2,206,8
16:28,46,40,2,253,1
16:31,72,47,1,3,2
16:33,81,81,1,152,4
16:35,75,41,2,86,8
16:37,73,42,1,179,2
16:39,71,33,1,213,2
16:41,52,33,2,361,1
16:43,57,30,1,211,2
16:45,84,41,1,56,4
16:47,59,40,2,7,1
16:49,63,42,1,207,2
16:51,49,67,2,316,4
16:53,46,34,1,204,1
16:55,66,52,1,108,2
16:57,79,89,2,160,4
17:00,127,87,1,387,8
17:02,52,33,1,6,1
17:04,59,50,2,285,2
17:06,61,66,1,190,4
17:08,63,32,2,361,8
17:10,56,37,1,377,1
17:12,56,41,2,242,2
17:14,62,75,2,135,4
17:16,79,22,2,44,8
17:18,134,25,2,74,24
17:20,52,37,1,126,1
17:22,45,42,2,300,1
17:24,65,38,2,380,2
17:26,96,47,1,162,4
17:29,57,41,2,267,1
17:31,52,51,1,31,2
17:33,72,76,2,159,4
17:35,58,36,1,266,1
17:37,52,44,1,210,2
17:39,73,65,2,179,4
17:41,113,14,1,73,8
17:43,59,35,1,151,1
17:45,46,41,2,139,2
17:47,88,77,2,98,4
17:49,68,70,2,368,8
17:51,55,43,1,280,1
17:53,59,31,1,88,2
17:55,79,56,2,263,4
17:57,53,96,55,339,24
18:00,42,1,2,175,8
18:01,49,45,2,274,24
18:03,49,31,2,130,1
18:05,53,32,1,278,1
18:07,54,59,1,31,2
18:08,93,86,2,221,4
18:10,57,30,2,145,1
18:12,64,54,2,177,2
18:14,94,39,1,305,4
18:16,55,34,1,145,1
18:17,71,34,2,382,2
18:19,89,66,2,9,4
18:21,82,82,2,312,8
18:23,46,41,1,246,1
18:25,50,40,1,334,2
18:26,103,64,1,241,4
18:28,96,83,1,213,8
18:30,48,40,1,4,1
18:32,65,52,2,374,2
18:34,99,31,1,10,4
18:35,1,91,1,92,8
18:37,55,44,1,266,2
18:39,66,48,1,307,4
18:41,50,40,2,103,1
18:42,67,51,2,351,2
18:44,71,43,1,54,4
18:46,55,44,2,297,1
18:48,57,32,2,282,2
18:50,89,52,1,171,4
18:51,58,36,2,230,1
18:53,59,42,2,353,2
18:55,63,55,1,256,4
18:57,103,61,1,130,8
18:59,56,34,2,111,1
19:00,48,30,2,160,2
19:02,87,81,1,83,4
19:04,81,8,2,351,8
19:06,46,30,2,365,1
19:08,49,56,2,17,2
19:09,103,44,1,392,4
19:11,145,75,2,267,8
19:13,148,27,2,147,24
19:15,106,25,2,351,24
19:16,50,40,2,62,1
19:18,73,39,2,251,2
19:20,55,31,2,104,4
19:22,49,43,2,32,1
19:24,50,35,1,284,2
19:25,102,54,1,91,4
19:27,48,39,2,188,1
19:29,60,34,2,207,2
19:31,51,84,2,58,4
19:33,61,94,1,54,8
19:34,50,32,2,362,1
19:36,69,58,1,257,2
19:38,101,59,2,31,4
19:40,60,91,1,35,8
19:42,51,41,2,95,1
19:43,52,55,2,361,2
19:45,80,70,2,336,4
19:47,47,22,1,279,8
19:49,56,41,2,313,2
19:50,136,1,1,124,8
19:52,50,40,1,362,1
19:54,66,58,2,27,2
19:56,70,32,1,171,4
19:58,69,16,55,303,24
20:00,48,30,1,183,1
20:02,51,54,2,322,2
20:05,52,73,1,210,4
20:07,53,42,1,85,1
20:10,66,58,2,174,2
20:12,100,83,1,138,4
20:15,120,20,1,47,8
20:17,50,41,1,34,1
20:20,58,57,1,121,2
20:22,49,39,1,206,4
20:25,71,8,2,383,8
20:28,45,39,2,236,1
20:30,73,32,2,66,2
20:33,52,80,1,46,4
20:35,47,45,2,363,8
20:38,82,88,1,326,4
20:40,136,53,2,319,8
20:43,47,30,1,365,1
20:45,69,52,1,125,2
20:48,77,49,1,229,4
20:50,53,30,1,169,1
20:53,71,54,2,360,2
20:56,93,41,2,146,4
20:58,56,41,2,149,1
21:01,62,31,1,5,2
21:03,94,31,1,156,4
21:06,25,61,1,305,8
21:08,55,42,1,391,1
21:11,45,40,1,119,2
21:13,50,40,1,104,4
21:16,75,55,2,81,8
21:19,58,35,1,207,1
21:21,51,38,1,156,2
21:24,84,34,2,329,4
21:26,97,73,2,121,8
21:29,58,44,2,189,1
21:31,130,47,2,113,24
21:34,52,37,1,53,1
21:36,63,59,2,81,2
21:39,79,53,1,229,4
21:41,51,39,2,165,1
21:44,56,30,2,277,2
21:47,80,39,1,33,4
21:49,56,33,1,236,1
21:52,61,58,1,237,2
21:54,65,36,1,237,4
21:57,78,76,34,198,4
22:00,81,97,3,335,8
22:13,59,30,4,241,1
22:26,59,57,2,235,2
22:39,49,86,1,26,4
22:53,8,16,1,75,8
23:06,50,34,1,203,1
23:19,62,42,3,360,2
23:33,54,69,4,197,4
23:46,77,63,18,197,24
