00:00,47,73,1,381,8
00:05,120,31,1,237,8
00:10,36,1,1,163,8
00:15,65,73,1,385,4
00:20,27,4,1,45,8
00:25,73,38,1,162,4
00:30,77,48,1,41,8
00:35,54,57,1,35,4
00:40,75,54,1,4,8
00:45,48,39,1,313,2
00:50,62,42,1,66,4
00:55,124,36,1,370,8
01:00,54,38,1,65,1
01:05,66,52,1,399,2
01:10,64,56,1,31,4
01:15,62,10,1,120,8
01:20,65,12,1,152,24
01:25,27,67,1,219,24
01:30,129,14,1,141,24
01:35,97,55,1,187,8
01:40,144,16,1,93,8
01:45,18,79,1,347,8
01:50,123,77,1,217,8
01:55,98,9,18,344,24
02:00,97,82,2,23,4
02:10,132,39,4,355,8
02:21,54,74,1,90,4
02:32,38,31,4,287,8
02:43,104,32,3,76,4
02:54,85,85,3,322,8
03:05,54,52,2,269,2
03:16,92,49,1,221,4
03:27,116,85,4,112,8
03:38,48,38,1,136,1
03:49,54,44,20,41,1
04:00,53,34,1,30,2
04:05,73,73,1,67,4
04:10,104,56,1,163,8
04:16,13,59,1,305,24
04:21,52,40,2,143,2
04:27,57,42,4,103,1
04:32,45,36,4,288,1
04:38,5,31,1,353,8
04:43,46,14,1,39,8
04:49,145,74,3,370,8
04:54,67,41,1,24,4
04:59,140,97,1,121,8
05:05,81,63,3,370,4
05:10,80,15,3,27,8
05:16,81,58,1,175,4
05:21,35,95,1,33,8
05:27,69,53,3,285,2
05:32,68,36,4,50,4
05:38,60,99,4,358,8
05:43,57,31,4,308,1
05:48,47,51,2,57,2
05:54,92,58,45,55,4
06:00,70,75,2,306,4
06:01,76,68,2,56,8
06:02,34,86,2,320,24
06:04,45,47,2,94,2
06:05,55,42,2,144,1
06:06,129,67,1,201,8
06:08,64,27,1,135,8
06:09,109,62,2,185,8
06:10,104,1,1,177,8
06:12,45,65,1,60,4
06:13,146,21,1,227,8
06:14,66,80,2,232,4
06:16,76,9,2,313,8
06:17,60,43,2,371,4
06:19,76,71,1,198,8
06:20,46,36,2,278,2
06:21,75,37,2,83,4
06:23,57,36,1,58,8
06:24,49,36,2,77,1
06:25,67,43,2,321,2
06:27,80,50,1,115,4
06:28,108,13,2,279,8
06:29,41,76,1,310,24
06:31,9,91,2,371,24
06:32,45,30,2,377,2
06:34,50,30,1,125,1
06:35,148,61,2,96,8
06:36,22,38,1,85,8
06:38,61,62,1,104,8
06:39,90,78,2,275,4
06:40,144,17,2,316,8
06:42,54,76,1,200,4
06:43,84,31,1,112,8
06:44,87,50,2,148,4
06:46,3,86,1,261,8
06:47,45,59,1,266,2
06:48,90,47,1,336,4
06:50,92,64,1,300,8
06:51,47,41,1,48,1
06:53,63,33,2,261,2
06:54,63,44,1,96,4
06:55,136,29,1,204,8
06:57,49,39,1,235,1
06:58,55,33,2,392,1
06:59,55,16,2,202,8
07:01,69,68,1,296,4
07:02,133,48,2,309,8
07:03,41,76,2,322,8
07:05,117,58,1,161,8
07:06,103,61,2,365,4
07:08,78,74,1,373,8
07:09,57,38,1,77,4
07:10,147,41,2,395,8
07:12,93,77,2,55,4
07:13,81,77,2,114,8
07:14,71,46,2,381,2
07:16,77,65,1,26,4
07:17,147,41,1,372,8
07:18,49,37,2,353,1
07:20,59,44,1,342,2
07:21,66,65,1,190,4
07:22,47,20,2,94,8
07:24,58,44,1,171,1
07:25,58,51,2,192,2
07:27,32,92,1,121,24
07:28,49,42,2,185,1
07:29,32,63,2,320,8
07:31,19,50,1,218,8
07:32,56,38,1,397,8
07:33,90,81,1,193,4
07:35,108,83,2,279,8
07:36,60,55,2,316,4
07:37,87,73,2,162,8
07:39,68,54,2,13,4
07:40,113,73,1,320,8
07:42,66,52,2,144,2
07:43,67,61,1,101,4
07:44,58,36,2,178,8
07:46,58,39,2,353,1
07:47,52,32,1,123,2
07:48,88,66,1,260,4
07:50,84,2,1,354,8
07:51,73,48,2,199,4
07:52,65,57,2,288,2
07:54,69,41,2,296,2
07:55,96,97,2,179,8
07:56,91,93,1,385,8
07:58,76,37,53,240,4
08:00,66,37,2,227,2
08:08,46,31,3,277,1
08:16,66,45,4,1,2
08:24,93,75,2,326,4
08:32,49,32,1,332,1
08:40,48,59,1,294,2
08:48,66,78,3,296,4
08:56,58,40,4,242,1
09:04,54,56,3,146,2
09:12,78,70,2,345,4
09:20,46,84,1,194,8
09:28,53,39,2,396,1
09:36,72,35,4,395,2
09:44,50,55,2,294,4
09:52,51,42,28,36,1
10:00,87,88,1,71,8
10:02,45,38,1,5,1
10:04,61,54,1,70,2
10:07,97,83,1,244,4
10:09,55,7,1,252,8
10:12,56,40,1,173,1
10:14,52,38,1,65,2
10:17,45,43,1,243,1
10:19,63,37,1,133,2
10:22,90,54,1,165,4
10:24,57,40,1,379,1
10:26,63,43,1,123,2
10:29,75,33,1,370,4
10:31,55,36,1,129,1
10:34,50,45,1,208,2
10:36,73,83,1,139,4
10:39,69,62,1,379,8
10:41,53,32,1,208,1
10:44,59,54,1,56,2
10:46,60,36,1,35,4
10:49,57,62,1,334,8
10:51,55,32,1,384,1
10:53,70,31,1,350,2
10:56,85,79,1,384,4
10:58,5,71,1,225,8
11:01,52,36,1,25,1
11:03,57,46,1,163,2
11:06,54,34,1,311,1
11:08,74,50,1,183,2
11:11,48,77,1,235,4
11:13,48,31,1,111,1
11:15,62,51,1,46,2
11:18,72,44,1,194,4
11:20,56,31,1,132,1
11:23,59,56,1,93,2
11:25,62,55,1,39,4
11:28,49,50,1,242,8
11:30,51,34,1,190,1
11:33,63,41,1,219,2
11:35,79,89,1,229,4
11:38,23,1,1,192,8
11:40,48,34,1,232,1
11:42,49,53,1,359,2
11:45,64,34,1,184,4
11:47,54,47,1,39,8
11:50,83,12,1,217,24
11:52,59,44,1,136,2
11:55,52,33,1,103,1
11:57,58,40,45,76,2
12:00,49,44,1,55,2
12:02,58,77,1,377,4
12:05,46,35,3,212,1
12:08,60,45,3,202,2
12:10,83,63,2,247,4
12:13,52,31,2,25,1
12:16,57,34,1,332,2
12:18,55,62,2,393,4
12:21,74,5,3,135,8
12:24,59,44,2,255,1
12:26,62,41,3,268,2
12:29,54,50,3,102,4
12:32,87,89,1,82,8
12:34,49,30,2,66,1
12:37,63,49,1,243,2
12:40,99,66,3,267,4
12:42,42,70,3,185,8
12:45,56,53,3,352,2
12:48,62,53,2,263,2
12:50,56,31,3,382,1
12:53,54,58,1,294,2
12:56,64,49,3,266,4
12:58,59,38,3,379,1
13:01,60,53,3,90,2
13:04,48,64,3,304,4
13:06,59,32,3,127,1
13:09,46,36,2,356,2
13:12,81,53,2,212,4
13:14,55,29,3,247,8
13:17,48,31,2,207,1
13:20,57,50,3,187,2
13:22,86,56,2,145,4
13:25,36,87,1,319,8
13:28,46,43,3,197,1
13:30,71,50,1,364,2
13:33,102,35,2,375,4
13:36,56,92,3,162,8
13:38,45,43,2,219,1
13:41,58,57,2,150,2
13:44,59,39,2,339,1
13:46,70,50,3,24,2
13:49,45,86,1,149,4
13:52,48,33,1,384,1
13:54,53,50,3,167,2
13:57,59,36,41,284,1
14:00,51,44,1,151,4
14:01,51,30,1,279,1
14:03,53,31,1,387,2
14:04,62,82,1,152,4
14:06,89,5,1,130,8
14:07,59,30,2,230,1
14:09,62,39,1,178,2
14:10,88,38,1,219,4
14:12,17,9,1,190,8
14:13,53,36,1,267,1
14:15,61,58,1,175,2
14:16,73,58,1,14,4
14:18,74,85,1,337,8
14:19,102,31,1,59,4
14:21,61,50,2,354,2
14:22,54,32,2,291,1
14:24,53,33,1,92,2
14:25,57,43,2,355,4
14:27,57,43,1,29,1
14:28,58,30,1,219,2
14:30,53,75,1,157,4
14:31,49,40,1,40,1
14:33,70,33,1,141,2
14:34,67,43,1,392,4
14:36,14,79,1,63,8
14:37,47,38,2,126,1
14:39,47,59,1,172,2
14:40,64,77,1,256,4
14:42,121,67,1,366,8
14:43,57,40,1,74,1
14:45,54,46,2,245,2
14:46,46,68,2,94,4
14:48,4,18,1,78,8
14:49,57,82,2,304,4
14:51,63,51,2,218,2
14:52,45,42,1,376,1
14:54,65,43,1,307,2
14:55,80,50,2,345,4
14:57,51,37,1,283,1
14:58,66,49,2,332,2
15:00,75,52,2,160,4
15:01,54,41,2,261,1
15:03,71,47,2,34,2
15:04,80,44,1,370,4
15:06,122,34,2,34,8
15:07,56,40,1,44,1
15:09,49,52,1,193,2
15:10,78,64,2,18,4
15:12,148,31,2,98,8
15:13,54,33,2,112,1
15:15,65,59,1,113,2
15:16,101,36,1,132,4
15:18,75,11,2,84,8
15:19,101,79,1,227,4
15:21,64,54,1,266,2
15:22,50,34,2,141,1
15:24,49,35,1,268,2
15:25,98,55,2,227,4
15:27,58,33,2,338,1
15:28,64,40,2,31,2
15:30,52,48,1,237,4
15:31,51,41,2,233,1
15:33,56,41,2,76,2
15:34,100,68,1,355,4
15:36,147,95,2,358,8
15:37,46,35,2,277,1
15:39,55,46,2,11,2
15:40,60,37,2,338,4
15:42,59,37,2,5,8
15:43,55,33,1,294,1
15:45,71,43,2,208,2
15:46,65,32,1,196,4
15:48,109,41,2,191,8
15:49,116,12,2,73,8
15:51,61,53,1,75,2
15:52,45,31,2,56,1
15:54,52,56,1,320,2
15:55,80,87,1,35,4
15:57,48,43,1,282,1
15:58,75,81,74,357,8
16:00,58,41,2,139,1
16:01,53,49,2,22,2
16:03,51,47,2,358,4
16:05,48,30,2,3,1
16:07,69,35,2,19,2
16:09,84,73,1,261,4
16:11,57,41,2,329,1
16:13,72,38,2,10,2
16:15,75,57,1,127,4
16:17,4,31,1,175,8
16:19,46,38,1,287,1
16:21,74,30,1,3,2
16:23,81,41,2,105,4
16:25,46,91,1,107,8
16:27,55,42,2,164,1
16:29,64,59,2,266,2
16:31,76,44,2,351,4
16:33,56,97,2,95,8
16:35,53,35,1,113,1
16:37,47,52,2,4,2
16:39,58,30,1,358,1
16:41,54,49,2,198,2
16:43,77,68,2,341,4
16:45,50,40,1,70,1
16:47,54,55,2,311,2
16:49,101,58,2,175,4
16:51,46,34,1,19,1
16:53,46,46,1,370,2
16:55,87,75,1,216,4
16:57,12,54,2,276,8
16:59,53,36,2,225,1
17:01,74,58,1,47,2
17:03,77,85,2,27,4
17:05,149,66,1,35,8
17:06,58,30,2,107,1
17:08,46,49,2,204,2
17:10,59,74,1,246,4
17:12,138,47,1,382,8
17:14,62,46,1,138,2
17:16,52,32,2,101,1
17:18,56,31,1,318,1
17:20,45,37,1,31,2
17:22,59,41,1,247,4
17:24,49,32,1,28,1
17:26,46,33,1,76,2
17:28,56,82,1,76,4
17:30,58,43,2,52,1
17:32,74,38,1,272,2
17:34,95,87,2,367,4
17:36,29,88,2,195,8
17:38,48,40,2,156,1
17:40,57,31,2,397,2
17:42,49,46,1,63,4
17:44,49,71,1,319,8
17:46,54,44,2,218,1
17:48,49,40,1,335,2
17:50,75,42,2,295,4
17:52,148,21,1,168,8
17:54,85,81,2,3,4
17:56,57,15,1,210,24
17:58,56,47,46,131,2
18:00,53,34,2,125,1
18:03,61,45,1,150,2
18:06,100,56,1,332,4
18:09,53,37,4,292,1
18:13,56,56,2,349,2
18:16,88,37,1,72,4
18:19,57,30,1,290,1
18:23,60,31,1,334,2
18:26,99,38,1,103,4
18:29,61,4,2,115,8
18:33,49,40,1,276,1
18:36,50,51,2,94,2
18:39,104,61,1,348,4
18:43,56,13,1,335,8
18:46,59,33,2,10,1
18:49,47,57,3,322,2
18:53,102,56,1,324,4
18:56,17,61,3,125,8
18:59,55,39,3,82,1
19:03,62,42,2,72,2
19:06,53,34,2,97,1
19:09,66,59,2,164,2
19:13,47,73,3,254,4
19:16,45,34,4,149,1
19:19,50,55,3,77,2
19:23,92,73,4,51,4
19:26,55,42,1,38,1
19:29,51,32,1,155,2
19:33,86,59,2,368,4
19:36,99,76,2,111,8
19:39,55,42,2,130,1
19:43,49,41,2,227,2
19:46,77,31,3,221,4
19:49,50,5,2,284,8
19:53,58,38,2,277,1
19:56,56,34,84,78,2
20:00,45,40,2,316,2
20:04,83,81,3,49,4
20:08,9,98,3,51,8
20:12,38,83,2,376,8
20:16,128,99,3,189,24
20:20,50,33,1,52,1
20:24,72,54,2,336,2
20:28,81,44,2,343,4
20:33,53,38,2,229,1
20:37,71,55,3,205,2
20:41,53,63,3,46,4
20:45,57,43,3,152,1
20:49,66,35,2,177,2
20:53,98,60,2,330,4
20:57,80,10,1,180,8
21:02,46,44,1,43,1
21:06,45,55,3,154,2
21:10,70,73,2,242,4
21:14,113,81,1,66,8
21:18,58,34,2,289,1
21:22,47,49,2,81,2
21:26,45,64,1,249,4
21:31,63,91,1,24,8
21:35,102,71,1,242,24
21:39,49,55,1,158,2
21:43,47,34,2,373,1
21:47,65,52,3,374,2
21:51,58,84,3,185,4
21:55,58,30,38,314,2
22:00,49,30,1,190,1
22:06,60,51,1,98,2
22:12,54,40,1,186,4
22:18,58,37,1,174,1
22:25,51,54,1,245,2
22:31,50,40,1,357,4
22:37,121,27,1,374,8
22:44,48,36,1,4,1
22:50,71,56,1,264,2
22:56,48,83,1,291,4
23:03,118,64,1,305,8
23:09,58,44,1,37,1
23:15,58,35,1,194,2
23:22,73,66,1,113,4
23:28,102,94,1,53,8
23:34,56,36,1,157,8
23:41,31,68,1,11,8
23:47,59,31,1,370,1
23:53,116,11,19,305,24
