00:00,148,27,2,255,8
00:13,144,59,2,354,8
00:26,118,19,1,59,8
00:39,52,70,2,146,4
00:53,147,32,2,376,8
01:06,95,48,2,229,4
01:19,52,25,2,217,8
01:33,101,88,2,181,4
01:46,46,85,5,368,4
02:00,67,56,1,93,8
02:12,56,43,1,150,2
02:24,78,33,1,338,4
02:36,125,63,2,322,8
02:48,51,43,1,232,1
03:00,66,38,2,351,2
03:12,103,84,2,214,4
03:24,81,55,2,69,8
03:36,38,9,2,83,24
03:48,105,14,6,179,24
04:00,56,56,1,304,2
04:08,51,36,2,378,1
04:16,58,32,1,294,2
04:24,98,21,1,360,8
04:32,130,27,1,129,8
04:40,120,15,2,68,8
04:48,76,78,2,13,4
04:56,34,81,2,168,8
05:04,47,60,2,192,4
05:12,47,52,2,165,8
05:20,83,50,1,25,4
05:28,55,43,1,123,8
05:36,53,43,2,367,2
05:44,48,41,2,302,4
05:52,45,38,19,161,1
06:00,131,45,2,47,8
06:03,48,39,2,322,1
06:07,46,47,1,48,2
06:10,76,40,2,126,4
06:14,84,91,1,117,8
06:18,56,37,1,82,1
06:21,47,33,1,206,1
06:25,61,37,1,182,2
06:29,58,40,2,22,1
06:32,64,8,2,256,8
06:36,130,32,1,318,8
06:40,101,39,1,71,8
06:43,92,69,1,85,4
06:47,8,17,2,241,8
06:50,93,37,1,108,4
06:54,7,89,1,226,8
06:58,69,54,2,6,4
07:01,86,16,1,137,8
07:05,60,51,2,332,2
07:09,82,61,1,237,4
07:12,92,3,2,374,8
07:16,54,38,2,46,1
07:20,62,40,2,113,2
07:23,104,77,2,2,4
07:27,23,8,1,210,8
07:31,95,36,2,183,4
07:34,126,61,1,296,8
07:38,54,34,2,196,2
07:41,130,8,2,240,24
07:45,109,51,2,223,8
07:49,58,32,1,48,8
07:52,106,62,2,210,8
07:56,4,17,36,152,8
08:00,73,53,1,389,2
08:10,46,40,1,244,1
08:21,74,53,1,111,2
08:32,45,83,1,86,4
08:43,45,35,2,128,1
08:54,53,46,2,122,2
09:05,96,85,2,140,4
09:16,47,39,2,68,1
09:27,72,42,2,173,2
09:38,62,82,2,341,4
09:49,66,21,12,17,24
10:00,26,23,1,292,8
10:07,56,37,1,387,1
10:14,60,31,1,115,2
10:21,98,87,2,394,4
10:28,130,57,2,383,8
10:35,53,35,1,168,1
10:42,55,39,2,137,2
10:49,70,59,1,305,4
10:56,146,85,1,101,8
11:03,53,36,1,221,1
11:10,63,58,1,65,2
11:17,54,40,1,130,1
11:24,69,32,1,331,2
11:31,76,43,2,228,4
11:38,58,31,2,39,1
11:45,60,32,2,149,2
11:52,47,37,20,291,1
12:00,75,42,2,214,4
12:05,55,33,2,255,1
12:10,61,37,1,4,2
12:15,102,73,1,93,4
12:20,97,94,2,344,8
12:26,52,38,1,269,1
12:31,64,57,2,188,2
12:36,86,40,2,151,4
12:41,139,81,1,273,8
12:46,49,42,1,136,1
12:52,48,43,2,49,2
12:57,76,62,2,360,4
13:02,73,53,1,292,8
13:07,111,42,2,330,8
13:13,58,36,2,299,2
13:18,52,35,1,390,1
13:23,47,50,2,65,2
13:28,92,83,2,154,4
13:33,52,30,1,187,1
13:39,46,44,1,261,2
13:44,60,89,1,88,4
13:49,51,38,2,218,1
13:54,71,42,30,216,24
14:00,66,34,2,379,2
14:04,98,56,2,136,4
14:08,18,69,2,392,8
14:12,51,38,2,229,1
14:16,45,48,1,136,2
14:20,55,71,2,83,4
14:24,25,17,1,32,8
14:28,53,44,2,212,1
14:32,48,56,1,105,2
14:36,56,86,1,360,4
14:40,78,58,2,127,8
14:44,53,33,2,344,1
14:48,67,47,2,387,2
14:52,56,43,1,214,1
14:56,67,40,2,356,2
15:00,95,55,1,271,4
15:04,45,39,1,367,1
15:08,56,53,2,132,2
15:12,49,56,2,176,4
15:16,47,40,2,306,1
15:20,61,59,1,267,2
15:24,91,44,2,379,4
15:28,63,37,2,112,8
15:32,47,39,2,341,1
15:36,48,59,2,338,2
15:40,89,61,2,380,4
15:44,70,72,2,200,8
15:48,49,44,1,133,1
15:52,55,58,1,87,2
15:56,49,49,39,58,2
16:00,47,30,1,274,1
16:05,58,46,3,42,2
16:10,48,58,1,184,4
16:16,53,32,1,305,1
16:21,51,52,3,375,2
16:27,63,70,2,16,4
16:32,47,37,1,316,1
16:38,59,56,3,121,2
16:43,62,34,3,236,4
16:49,16,75,2,24,8
16:54,55,38,2,329,1
16:59,72,59,2,98,2
17:05,77,50,2,297,4
17:10,78,57,3,251,8
17:16,55,42,2,333,1
17:21,62,46,2,182,2
17:27,81,46,2,150,4
17:32,3,83,1,184,8
17:38,16,87,1,211,8
17:43,11,46,2,206,8
17:48,52,40,1,101,1
17:54,40,72,24,277,24
18:00,58,42,2,149,2
18:03,79,89,1,89,4
18:06,49,35,1,32,1
18:10,65,44,1,15,2
18:13,80,56,1,11,4
18:17,51,36,2,372,1
18:20,53,54,2,300,2
18:24,95,86,1,247,4
18:27,80,66,2,342,8
18:30,56,43,1,170,1
18:34,68,46,1,304,2
18:37,69,56,1,153,4
18:41,81,4,1,187,8
18:44,51,41,1,351,1
18:48,57,59,1,41,2
18:51,93,87,2,394,4
18:54,38,47,2,131,8
18:58,46,40,1,168,1
19:01,48,33,2,371,1
19:05,48,40,1,309,1
19:08,48,37,1,90,2
19:12,72,36,2,120,4
19:15,52,34,2,150,1
19:18,55,48,1,243,2
19:22,96,31,1,157,4
19:25,47,42,2,296,1
19:29,51,46,2,137,2
19:32,69,72,1,12,4
19:36,30,42,1,246,8
19:39,58,40,2,196,1
19:42,69,48,2,138,2
19:46,53,58,1,263,4
19:49,26,98,2,266,8
19:53,49,35,2,70,1
19:56,61,63,23,21,24
20:00,48,40,2,245,2
20:06,86,62,2,98,4
20:12,84,10,1,227,8
20:18,92,71,2,284,4
20:25,70,73,1,358,8
20:31,46,36,1,256,1
20:37,61,41,1,56,2
20:44,49,38,1,329,4
20:50,48,41,2,358,1
20:56,66,50,1,347,2
21:03,59,55,1,281,4
21:09,50,36,1,215,1
21:15,56,54,2,22,2
21:22,49,67,1,162,4
21:28,126,44,2,236,8
21:34,53,34,1,113,1
21:41,51,59,2,294,2
21:47,72,48,1,229,4
21:53,63,53,19,50,2
22:00,2,3,2,135,8
22:24,45,31,3,80,1
22:48,58,55,1,211,2
23:12,89,39,1,24,4
23:36,142,48,11,272,8
