00:00,124,39,4,106,8
00:09,24,61,3,18,8
00:18,16,80,2,311,8
00:27,52,62,3,374,4
00:36,81,43,1,379,8
00:46,62,88,4,275,4
00:55,113,55,2,215,8
01:04,45,69,4,81,4
01:13,143,72,4,307,8
01:23,65,37,4,187,2
01:32,88,49,4,312,4
01:41,46,32,2,113,8
01:50,49,38,15,92,1
02:00,51,42,2,191,1
02:05,57,50,2,280,2
02:10,82,30,2,180,4
02:15,120,67,2,141,8
02:20,57,41,1,249,1
02:25,120,76,2,177,8
02:30,53,35,1,51,1
02:35,55,36,2,378,1
02:40,65,41,1,390,8
02:45,65,71,1,121,8
02:50,126,31,2,226,8
02:55,92,53,2,194,4
03:00,109,32,2,16,8
03:05,56,84,1,26,4
03:10,46,73,1,48,8
03:15,61,89,1,358,4
03:20,137,69,1,394,8
03:25,64,39,2,82,2
03:30,78,78,2,352,4
03:35,84,2,2,147,8
03:40,47,39,1,388,1
03:45,73,41,2,219,2
03:50,52,33,2,377,4
03:55,54,30,15,207,1
04:00,84,86,2,164,8
04:02,48,76,1,146,8
04:05,72,35,1,328,4
04:08,55,42,2,199,2
04:11,56,34,2,88,1
04:14,56,87,2,44,8
04:17,147,44,1,191,8
04:20,17,66,1,287,8
04:22,90,72,2,213,4
04:25,1,58,1,117,8
04:28,59,51,2,146,4
04:31,101,99,1,322,8
04:34,100,35,2,196,4
04:37,114,74,1,293,8
04:40,63,43,1,212,2
04:42,85,75,1,220,4
04:45,22,49,1,294,8
04:48,55,41,1,62,1
04:51,51,59,2,189,2
04:54,46,46,2,166,4
04:57,96,45,1,218,8
05:00,104,55,2,47,4
05:02,46,85,1,133,24
05:05,94,63,1,156,8
05:08,50,32,1,191,1
05:11,103,89,1,186,8
05:14,148,36,2,185,8
05:17,114,75,1,94,8
05:20,86,38,1,185,4
05:22,116,82,2,11,8
05:25,72,54,1,322,4
05:28,143,71,2,179,8
05:31,71,30,1,289,4
05:34,25,1,2,397,8
05:37,71,54,1,84,2
05:40,78,37,2,244,4
05:42,138,61,2,228,8
05:45,55,34,2,73,1
05:48,64,36,1,242,2
05:51,87,81,1,73,4
05:54,101,78,1,17,8
05:57,68,83,47,365,4
06:00,58,44,1,208,1
06:02,110,66,2,306,8
06:05,80,87,1,20,4
06:08,18,95,4,249,8
06:10,6,68,4,91,8
06:13,139,86,4,84,8
06:16,136,43,1,327,8
06:18,94,63,4,95,4
06:21,29,81,4,287,8
06:24,104,30,4,358,4
06:26,68,91,1,239,8
06:29,60,64,4,160,4
06:32,84,14,1,252,8
06:34,65,42,2,335,2
06:37,88,77,3,51,4
06:40,112,95,3,353,8
06:42,45,32,4,99,1
06:45,65,58,1,371,2
06:48,66,81,3,345,4
06:50,6,92,2,96,8
06:53,92,99,1,156,24
06:56,78,8,3,116,24
06:58,57,31,1,130,1
07:01,98,83,2,99,4
07:04,19,73,4,298,8
07:06,136,51,1,139,8
07:09,124,62,4,254,8
07:12,78,77,3,207,4
07:14,117,46,3,213,8
07:17,88,71,4,356,4
07:20,58,36,1,66,8
07:22,60,36,3,97,4
07:25,77,23,2,338,8
07:28,68,44,2,275,2
07:30,88,30,4,4,4
07:33,59,46,3,15,8
07:36,45,44,1,324,1
07:38,50,33,1,23,2
07:41,104,43,1,65,4
07:44,47,94,4,343,8
07:46,62,99,4,41,24
07:49,50,33,1,391,1
07:52,49,40,2,371,1
07:54,94,46,2,135,4
07:57,79,78,104,380,4
08:00,62,52,1,47,2
08:03,52,32,2,362,1
08:07,48,57,2,336,2
08:10,93,65,1,187,4
08:14,45,37,1,221,1
08:18,69,55,1,86,2
08:21,74,66,1,30,4
08:25,48,32,2,331,1
08:29,72,50,2,256,2
08:32,75,85,1,65,4
08:36,56,99,1,212,8
08:40,52,30,2,61,1
08:43,73,35,1,395,2
08:47,92,59,2,323,4
08:50,69,64,1,398,8
08:54,54,32,1,352,1
08:58,53,52,1,40,2
09:01,82,36,1,382,4
09:05,136,5,2,63,8
09:09,55,43,2,219,1
09:12,57,36,2,300,2
09:16,56,37,1,293,1
09:20,62,44,2,267,2
09:23,82,37,2,171,4
09:27,57,42,1,235,1
09:31,69,56,1,394,2
09:34,72,49,1,223,4
09:38,53,40,1,87,1
09:41,58,48,2,221,2
09:45,75,44,1,112,4
09:49,6,34,1,328,8
09:52,49,36,2,290,1
09:56,46,31,24,71,1
10:00,45,34,1,342,2
10:04,97,41,2,54,4
10:08,1,54,3,123,8
10:13,52,40,3,211,1
10:17,62,42,2,22,2
10:22,62,75,2,145,4
10:26,3,59,1,305,8
10:31,45,42,3,393,1
10:35,52,49,1,12,2
10:39,55,38,2,44,1
10:44,60,57,3,400,2
10:48,62,74,3,123,4
10:53,46,34,2,364,1
10:57,53,42,3,287,2
11:02,103,58,1,337,4
11:06,52,31,2,369,1
11:11,65,55,3,10,2
11:15,72,65,2,63,4
11:19,80,69,3,366,8
11:24,51,33,2,174,1
11:28,56,45,1,298,2
11:33,59,80,2,260,4
11:37,49,1,3,148,8
11:42,59,38,1,114,1
11:46,66,36,3,274,2
11:51,57,33,1,396,4
11:55,124,28,51,150,24
12:00,119,37,2,139,8
12:01,46,41,2,353,1
12:03,52,51,1,14,2
12:04,50,41,1,298,1
12:06,69,46,2,212,2
12:07,103,52,1,32,4
12:09,50,43,1,188,1
12:10,67,52,1,220,2
12:12,69,33,2,237,4
12:13,51,34,2,331,1
12:15,60,47,1,321,2
12:16,83,32,2,277,4
12:18,33,5,1,228,8
12:19,58,33,1,145,1
12:21,74,32,1,337,2
12:22,55,53,2,118,4
12:24,36,4,2,202,8
12:25,45,43,1,163,1
12:27,61,33,1,269,2
12:28,104,84,2,166,4
12:30,104,96,1,118,8
12:31,59,36,1,268,1
12:33,47,47,1,350,2
12:34,50,30,1,65,1
12:36,67,44,2,101,2
12:37,52,79,2,330,4
12:39,49,39,2,264,1
12:41,74,45,1,358,2
12:42,55,37,2,314,4
12:44,51,34,2,159,1
12:45,61,39,2,395,2
12:47,82,72,2,87,4
12:48,59,11,2,277,8
12:50,49,30,2,41,1
12:51,65,38,1,193,2
12:53,75,67,2,133,4
12:54,42,91,2,232,8
12:56,47,34,1,75,1
12:57,58,37,2,373,2
12:59,87,75,2,80,4
13:00,68,48,2,273,8
13:02,69,49,1,301,24
13:03,49,52,1,77,2
13:05,57,35,1,282,1
13:06,52,57,1,330,2
13:08,46,85,1,296,4
13:09,55,30,2,365,1
13:11,69,47,1,350,2
13:12,48,71,1,335,4
13:14,53,44,1,17,1
13:15,58,53,2,341,2
13:17,92,62,1,307,4
13:19,92,5,2,23,8
13:20,53,39,2,385,1
13:22,50,53,1,250,2
13:23,99,50,1,223,4
13:25,114,88,2,247,8
13:26,49,39,1,378,1
13:28,73,38,2,350,2
13:29,89,40,2,198,4
13:31,5,31,1,358,8
13:32,87,49,2,70,4
13:34,71,56,1,172,2
13:35,51,36,2,253,1
13:37,72,55,2,167,2
13:38,98,43,1,272,4
13:40,51,44,1,49,1
13:41,72,32,1,340,2
13:43,101,83,1,267,4
13:44,54,37,1,348,1
13:46,47,47,1,378,2
13:47,69,71,2,376,4
13:49,116,97,1,208,8
13:50,56,42,1,109,1
13:52,47,31,2,10,2
13:53,57,33,2,47,4
13:55,1,40,1,126,8
13:57,55,40,1,260,1
13:58,53,66,45,322,4
14:00,69,51,1,191,2
14:01,46,48,2,169,4
14:02,54,79,2,346,8
14:04,58,31,1,291,1
14:05,45,56,2,382,2
14:06,54,40,2,378,1
14:08,56,36,1,400,2
14:09,60,89,2,255,4
14:11,45,31,1,272,1
14:12,54,58,2,105,2
14:13,60,54,2,279,4
14:15,50,30,2,261,1
14:16,56,54,2,29,2
14:17,60,39,1,110,4
14:19,112,45,2,317,8
14:20,58,44,2,106,1
14:22,48,33,1,227,2
14:23,98,64,2,239,4
14:24,91,61,1,5,8
14:26,57,35,1,200,1
14:27,46,57,2,17,2
14:28,103,75,2,18,4
14:30,42,88,2,382,8
14:31,45,44,1,326,1
14:33,51,45,2,362,2
14:34,48,31,1,245,1
14:35,48,59,1,197,2
14:37,74,85,2,330,4
14:38,46,36,2,21,1
14:40,73,54,1,205,2
14:41,54,83,1,326,4
14:42,56,38,1,259,1
14:44,66,33,2,95,2
14:45,84,44,2,65,4
14:46,134,14,1,26,8
14:48,54,34,1,7,1
14:49,55,51,1,30,2
14:51,47,61,2,124,4
14:52,36,61,1,220,8
14:53,52,36,1,20,1
14:55,53,30,1,66,2
14:56,88,89,2,268,4
14:57,128,67,2,105,8
14:59,23,33,2,128,8
15:00,60,38,1,260,2
15:02,47,30,1,174,1
15:03,72,40,1,218,2
15:04,89,54,2,48,4
15:06,56,35,2,265,1
15:07,67,36,2,10,2
15:08,80,82,1,263,4
15:10,49,33,1,353,1
15:11,51,32,1,310,2
15:13,74,76,1,67,4
15:14,64,48,1,89,8
15:15,49,36,1,315,1
15:17,58,54,1,32,2
15:18,54,44,2,190,4
15:20,134,10,1,77,8
15:21,54,36,2,275,1
15:22,53,36,1,33,2
15:24,97,86,1,212,4
15:25,1,74,2,216,8
15:26,55,38,1,370,1
15:28,67,48,2,140,2
15:29,46,40,2,397,1
15:31,55,54,1,101,2
15:32,84,82,1,324,4
15:33,50,44,1,211,1
15:35,56,35,2,365,2
15:36,73,66,1,210,4
15:37,53,39,1,289,1
15:39,48,49,1,108,2
15:40,103,57,2,396,4
15:42,131,62,2,358,8
15:43,54,39,1,324,1
15:44,52,32,2,345,2
15:46,84,87,2,263,4
15:47,114,12,2,128,8
15:49,45,42,2,54,1
15:50,53,38,1,336,2
15:51,95,78,1,135,4
15:53,14,85,2,232,8
15:54,59,37,2,71,1
15:55,47,59,2,118,2
15:57,57,36,1,223,1
15:58,66,59,87,115,2
16:00,56,33,1,137,1
16:01,71,58,1,306,2
16:02,76,70,1,269,4
16:04,50,31,1,147,1
16:05,46,58,1,182,2
16:07,99,66,1,307,4
16:08,53,34,1,355,1
16:09,54,52,1,118,2
16:11,102,83,1,234,4
16:12,18,29,1,246,8
16:14,57,44,1,257,1
16:15,62,51,1,270,2
16:16,91,78,1,296,4
16:18,70,63,1,58,8
16:19,47,44,1,296,1
16:21,58,41,1,266,2
16:22,93,68,1,284,4
16:23,22,5,1,108,8
16:25,66,35,1,323,4
16:26,59,53,1,227,2
16:28,53,41,1,314,1
16:29,71,39,1,325,2
16:31,67,67,1,118,4
16:32,59,33,1,216,1
16:33,60,57,1,231,2
16:35,58,69,1,91,4
16:36,55,40,1,63,1
16:38,72,31,1,45,2
16:39,77,61,1,39,4
16:40,119,79,1,264,8
16:42,50,38,1,301,1
16:43,58,40,1,340,2
16:45,84,78,1,391,4
16:46,136,24,1,179,8
16:47,56,32,1,393,1
16:49,72,53,1,220,2
16:50,84,54,1,92,4
16:52,121,86,1,254,8
16:53,41,23,1,173,24
16:54,54,41,1,14,1
16:56,55,41,1,247,1
16:57,61,45,1,345,2
16:59,61,87,1,218,4
17:00,55,44,1,382,1
17:02,51,55,1,183,2
17:03,56,80,1,123,4
17:04,57,44,1,202,1
17:06,55,34,1,220,2
17:07,60,70,1,55,4
17:09,99,34,1,174,8
17:10,58,40,1,340,1
17:11,62,31,1,377,2
17:13,73,30,1,375,4
17:14,23,37,1,73,8
17:16,52,34,1,177,1
17:17,60,46,1,216,2
17:18,85,66,1,360,4
17:20,142,29,1,225,8
17:21,51,51,1,32,4
17:23,39,62,1,221,8
17:24,48,38,1,169,1
17:26,58,55,1,286,2
17:27,76,77,1,17,4
17:28,50,33,1,279,1
17:30,45,32,1,313,2
17:31,47,50,1,234,4
17:33,55,32,1,28,1
17:34,73,42,1,353,2
17:35,88,33,1,212,4
17:37,101,31,1,71,8
17:38,54,41,1,344,1
17:40,59,31,1,276,2
17:41,63,57,1,317,4
17:42,132,6,1,80,8
17:44,48,33,1,156,1
17:45,45,48,1,199,2
17:47,102,53,1,253,4
17:48,12,53,1,205,8
17:49,37,58,1,10,24
17:51,50,56,1,270,2
17:52,51,38,1,104,1
17:54,67,40,1,294,2
17:55,81,53,1,239,4
17:57,53,42,1,195,1
17:58,49,44,71,230,1
18:00,50,54,1,196,2
18:01,99,88,1,286,4
18:03,51,35,2,202,1
18:05,71,43,1,143,2
18:07,57,52,2,270,4
18:09,115,6,1,137,8
18:11,55,36,2,220,1
18:13,50,36,2,262,2
18:15,57,57,1,212,4
18:17,127,70,2,82,8
18:19,58,42,2,366,1
18:21,46,40,2,91,2
18:23,65,61,2,129,4
18:25,97,79,2,171,8
18:27,55,42,1,286,1
18:29,66,81,2,305,4
18:31,47,44,1,135,1
18:33,70,54,1,58,2
18:35,99,83,1,219,4
18:37,50,30,2,29,1
18:39,64,31,2,64,2
18:41,49,89,1,285,4
18:43,47,39,2,50,1
18:45,69,42,1,187,2
18:47,46,36,1,280,4
18:49,41,6,2,386,8
18:51,55,41,1,147,1
18:53,65,37,1,210,2
18:55,65,88,1,205,4
18:57,71,58,1,163,8
18:59,53,42,2,218,1
19:01,67,35,2,304,2
19:03,72,48,1,232,4
19:05,4,1,1,90,8
19:06,50,52,1,221,2
19:08,57,53,1,72,2
19:10,50,41,1,328,1
19:12,51,48,2,91,2
19:14,93,83,1,115,4
19:16,49,44,1,166,1
19:18,56,56,1,190,2
19:20,51,30,2,97,4
19:22,47,33,2,202,1
19:24,51,58,2,278,2
19:26,69,53,1,156,4
19:28,112,41,2,301,8
19:30,45,34,1,296,1
19:32,61,45,1,8,2
19:34,91,81,2,93,4
19:36,19,95,2,316,8
19:38,52,34,1,309,1
19:40,67,59,2,311,2
19:42,80,70,2,252,4
19:44,125,11,2,205,8
19:46,58,32,2,44,1
19:48,47,35,2,262,1
19:50,56,43,2,173,1
19:52,49,36,2,66,2
19:54,86,63,1,275,4
19:56,59,35,1,264,1
19:58,100,75,87,160,4
20:00,58,41,1,199,2
20:03,84,71,2,154,4
20:06,47,37,3,190,1
20:09,64,58,3,375,2
20:13,47,89,3,190,4
20:16,115,31,3,289,8
20:19,46,43,1,211,1
20:23,46,41,1,175,2
20:26,59,86,1,296,4
20:29,77,36,2,106,8
20:33,51,42,3,245,1
20:36,55,56,1,259,2
20:39,95,86,2,40,4
20:43,44,66,2,197,8
20:46,48,35,2,389,1
20:49,70,51,3,323,4
20:53,55,42,2,91,1
20:56,69,32,3,71,2
20:59,69,31,3,268,4
21:03,53,32,3,389,1
21:06,48,51,1,106,2
21:09,60,56,3,156,4
21:13,53,36,3,392,1
21:16,62,47,2,54,2
21:19,53,78,2,53,4
21:23,62,37,2,284,8
21:26,59,40,2,175,1
21:29,68,55,1,242,2
21:33,100,45,2,317,4
21:36,137,5,2,353,8
21:39,52,42,2,327,1
21:43,64,41,3,267,2
21:46,72,33,2,231,4
21:49,51,83,1,390,8
21:53,64,41,3,91,2
21:56,59,56,34,85,2
22:00,45,33,3,174,1
22:09,46,42,2,388,1
22:18,56,43,1,323,2
22:27,98,84,3,324,4
22:36,49,40,1,397,1
22:46,67,45,3,377,2
22:55,100,34,1,291,4
23:04,49,41,2,122,1
23:13,70,32,1,352,2
23:23,78,57,2,1,4
23:32,126,73,3,385,8
23:41,51,31,1,152,1
23:50,143,89,19,219,8
