00:00,6,54,1,19,8
00:05,46,18,1,252,8
00:11,59,67,1,323,8
00:17,81,32,1,118,4
00:22,30,1,1,81,8
00:28,56,69,1,201,4
00:34,130,61,1,57,8
00:39,71,62,1,270,4
00:45,4,13,1,113,8
00:51,54,43,1,267,2
00:57,89,38,1,382,4
01:02,126,19,1,283,8
01:08,48,38,1,291,1
01:14,67,51,1,90,2
01:19,101,40,1,360,4
01:25,10,4,1,29,8
01:31,58,39,1,396,2
01:37,78,72,1,354,8
01:42,83,48,1,245,24
01:48,109,72,1,364,24
01:54,57,32,16,83,1
02:00,55,64,2,42,8
02:08,46,61,1,221,8
02:16,11,77,1,69,8
02:24,97,52,2,399,4
02:32,70,82,1,206,8
02:40,72,39,2,37,4
02:48,4,89,2,306,8
02:56,49,67,2,322,4
03:04,146,39,2,308,8
03:12,72,38,1,132,2
03:20,67,87,2,356,4
03:28,11,52,1,180,8
03:36,51,32,2,13,1
03:44,53,58,2,187,2
03:52,56,40,17,134,1
04:00,69,63,1,351,4
04:05,24,80,2,262,8
04:10,93,39,2,245,4
04:16,137,96,2,226,8
04:21,53,19,2,300,24
04:27,56,37,1,188,2
04:32,38,99,3,63,8
04:38,13,12,1,88,8
04:43,48,94,2,366,8
04:49,66,45,3,24,4
04:54,113,9,1,179,8
04:59,51,46,3,384,4
05:05,103,67,2,184,8
05:10,68,85,1,338,4
05:16,122,20,1,201,8
05:21,46,52,1,155,2
05:27,85,49,1,294,4
05:32,71,21,2,180,8
05:38,45,33,2,119,1
05:43,45,48,2,13,2
05:48,79,81,2,242,4
05:54,55,38,43,139,1
06:00,100,99,2,153,8
06:02,81,37,2,297,4
06:05,76,71,1,128,8
06:08,93,42,3,254,4
06:10,94,70,2,342,4
06:13,30,45,2,85,8
06:16,73,11,1,273,8
06:18,87,1,3,395,8
06:21,71,69,1,158,4
06:24,127,91,2,238,8
06:26,57,64,2,219,4
06:29,107,68,3,216,8
06:32,66,53,2,67,4
06:34,105,51,3,397,8
06:37,53,48,2,270,2
06:40,86,83,1,16,4
06:42,69,81,2,212,8
06:45,57,42,2,10,1
06:48,73,32,1,296,2
06:50,54,41,1,96,4
06:53,118,44,3,204,8
06:56,103,5,2,336,24
06:58,73,33,2,324,4
07:01,58,34,1,319,1
07:04,74,41,1,86,4
07:06,48,43,2,5,8
07:09,97,77,2,377,8
07:12,6,63,2,63,8
07:14,68,47,1,71,4
07:17,116,48,3,174,8
07:20,47,55,2,217,4
07:22,3,79,3,241,8
07:25,48,81,1,330,4
07:28,138,68,2,306,8
07:30,59,49,3,262,2
07:33,83,88,1,108,4
07:36,121,49,2,197,8
07:38,48,38,2,343,1
07:41,74,59,1,277,2
07:44,52,77,2,101,4
07:46,75,23,2,382,8
07:49,56,53,3,337,4
07:52,86,85,1,186,4
07:54,56,51,3,137,2
07:57,73,78,78,193,8
08:00,69,31,3,234,2
08:08,56,36,1,376,1
08:17,56,44,1,75,2
08:25,80,39,2,143,4
08:34,50,39,3,125,1
08:42,64,30,3,305,2
08:51,60,66,2,153,4
08:59,56,32,1,385,1
09:08,67,54,2,372,2
09:17,88,60,1,265,4
09:25,55,57,1,226,8
09:34,45,30,2,305,1
09:42,72,33,1,60,2
09:51,126,69,31,168,24
10:00,59,46,2,335,4
10:03,80,31,1,345,8
10:06,50,33,1,175,1
10:09,48,56,1,98,2
10:13,54,83,1,206,4
10:16,91,80,2,313,8
10:19,98,13,2,31,24
10:23,62,41,2,302,2
10:26,52,43,2,47,1
10:29,72,54,1,311,2
10:33,57,45,2,240,4
10:36,56,37,2,92,1
10:39,49,30,2,138,2
10:43,86,76,2,157,4
10:46,46,41,2,315,1
10:49,68,56,2,385,2
10:53,68,89,1,363,4
10:56,33,66,1,322,8
10:59,56,41,2,362,1
11:03,72,37,1,107,2
11:06,95,81,2,300,4
11:09,109,5,1,377,8
11:13,51,34,1,20,1
11:16,60,32,1,40,2
11:19,82,85,2,306,4
11:23,19,12,2,295,8
11:26,80,73,1,195,8
11:29,48,32,1,205,2
11:33,57,44,1,60,1
11:36,53,51,1,115,2
11:39,67,36,1,66,4
11:43,55,34,1,239,1
11:46,45,30,2,8,2
11:49,95,41,1,280,4
11:53,50,32,2,315,1
11:56,51,35,29,78,1
12:00,72,47,1,217,2
12:01,70,79,1,280,4
12:03,48,13,1,348,8
12:05,48,40,1,316,1
12:07,59,54,1,386,2
12:09,90,82,1,181,4
12:11,119,47,1,114,8
12:12,55,32,1,107,1
12:14,52,58,1,57,2
12:16,66,71,1,177,4
12:18,48,98,1,255,8
12:20,52,36,1,4,2
12:22,45,39,1,391,2
12:24,47,36,1,170,1
12:25,73,56,1,340,2
12:27,73,32,1,318,4
12:29,58,34,1,138,1
12:31,58,30,1,25,2
12:33,79,74,1,253,4
12:35,53,41,1,107,1
12:37,74,32,1,82,2
12:38,95,44,1,303,4
12:40,97,3,1,215,8
12:42,57,37,1,19,1
12:44,47,42,1,371,2
12:46,81,84,1,392,4
12:48,112,97,1,89,8
12:49,50,40,1,49,1
12:51,56,45,1,46,2
12:53,46,49,1,121,4
12:55,111,14,1,43,8
12:57,49,33,1,216,1
12:59,58,59,1,41,2
13:01,50,40,1,161,1
13:02,50,39,1,198,2
13:04,103,45,1,182,4
13:06,55,41,1,227,1
13:08,62,59,1,14,2
13:10,76,69,1,60,4
13:12,50,33,1,43,1
13:14,62,55,1,337,2
13:15,55,40,1,59,4
13:17,92,17,1,277,8
13:19,56,31,1,76,1
13:21,47,48,1,90,2
13:23,67,34,1,182,4
13:25,10,91,1,352,8
13:26,51,44,1,330,1
13:28,50,37,1,197,2
13:30,76,59,1,129,4
13:32,102,66,1,92,8
13:34,147,3,1,230,24
13:36,60,42,1,329,2
13:38,47,38,1,68,1
13:39,51,30,1,313,2
13:41,80,44,1,167,4
13:43,56,44,1,77,1
13:45,68,53,1,374,2
13:47,64,41,1,192,4
13:49,51,37,1,130,1
13:51,49,44,1,159,2
13:52,59,40,1,330,4
13:54,13,68,1,360,8
13:56,46,38,1,343,1
13:58,60,71,58,304,24
14:00,62,35,1,270,2
14:01,89,39,1,176,4
14:02,116,93,1,308,8
14:04,59,33,1,268,1
14:05,53,57,1,76,2
14:06,89,44,1,188,4
14:08,56,15,1,350,8
14:09,1,32,1,214,8
14:10,74,37,1,97,2
14:12,59,42,1,190,1
14:13,49,45,1,189,2
14:14,48,78,1,376,4
14:16,57,33,1,54,1
14:17,46,53,1,182,2
14:19,50,87,1,180,4
14:20,57,33,1,343,1
14:21,48,48,1,47,2
14:23,75,87,1,235,4
14:24,78,27,1,382,8
14:25,57,30,1,18,1
14:27,67,53,1,157,2
14:28,103,61,1,326,4
14:29,147,26,1,161,8
14:31,47,41,1,179,1
14:32,57,38,1,255,2
14:34,68,37,1,98,4
14:35,35,10,1,14,8
14:36,52,35,1,177,2
14:38,62,44,1,120,2
14:39,59,39,1,329,1
14:40,67,41,1,286,2
14:42,45,82,1,303,4
14:43,46,39,1,254,1
14:44,61,56,1,78,2
14:46,87,60,1,192,4
14:47,55,30,1,230,1
14:48,69,38,1,121,2
14:50,99,30,1,184,4
14:51,81,94,1,119,8
14:53,58,42,1,6,1
14:54,49,57,1,70,2
14:55,76,44,1,210,4
14:57,60,2,1,243,8
14:58,46,34,1,103,1
14:59,64,59,1,364,2
15:01,58,80,1,394,4
15:02,38,38,1,187,8
15:03,56,39,1,289,2
15:05,71,50,1,337,2
15:06,46,31,1,144,1
15:08,57,55,1,278,2
15:09,98,64,1,290,4
15:10,56,32,1,55,1
15:12,51,51,1,197,2
15:13,101,74,1,293,4
15:14,50,44,1,341,1
15:16,55,53,1,257,2
15:17,90,58,1,41,4
15:18,92,17,1,326,8
15:20,55,40,1,225,1
15:21,51,41,1,251,2
15:22,76,85,1,57,4
15:24,41,27,1,122,8
15:25,45,40,1,43,1
15:27,63,52,1,324,2
15:28,79,64,1,343,4
15:29,118,45,1,204,8
15:31,58,36,1,201,2
15:32,70,47,1,98,2
15:33,55,43,1,314,1
15:35,59,56,1,194,2
15:36,104,82,1,280,4
15:37,53,34,1,335,1
15:39,61,52,1,162,2
15:40,75,69,1,338,4
15:42,55,35,1,346,1
15:43,66,32,1,214,2
15:44,91,88,1,153,4
15:46,26,35,1,282,8
15:47,47,44,1,109,1
15:48,71,35,1,66,2
15:50,59,41,1,134,4
15:51,35,85,1,76,8
15:52,47,31,1,255,1
15:54,57,42,1,180,2
15:55,69,78,1,33,4
15:56,15,48,1,22,8
15:58,64,34,78,156,2
16:00,52,34,1,68,1
16:01,49,31,1,84,2
16:03,78,55,1,274,4
16:05,54,39,1,163,1
16:07,46,56,1,365,2
16:08,80,70,1,361,4
16:10,51,43,1,100,1
16:12,55,40,1,377,2
16:14,58,45,1,225,4
16:15,94,1,1,224,8
16:17,51,43,1,362,1
16:19,67,59,1,208,2
16:21,97,80,1,194,4
16:22,77,23,1,261,8
16:24,56,31,1,124,1
16:26,71,57,1,235,2
16:28,64,30,1,392,4
16:29,12,39,1,177,8
16:31,59,76,1,267,4
16:33,58,57,1,328,2
16:35,59,39,1,213,1
16:36,67,50,1,3,2
16:38,89,48,1,355,4
16:40,49,44,1,5,1
16:42,49,46,1,267,2
16:43,56,42,1,144,4
16:45,47,44,1,115,1
16:47,63,46,1,63,2
16:49,80,85,1,77,4
16:51,58,91,1,236,8
16:52,58,32,1,356,1
16:54,58,41,1,220,2
16:56,47,46,1,357,4
16:58,23,82,1,13,8
16:59,53,31,1,187,1
17:01,56,38,1,150,2
17:03,66,53,1,400,4
17:05,75,62,1,349,8
17:06,51,35,1,80,1
17:08,129,24,1,144,24
17:10,48,43,1,75,1
17:12,67,43,1,237,2
17:13,61,35,1,147,4
17:15,50,32,1,36,1
17:17,74,54,1,124,2
17:19,68,44,1,246,4
17:20,54,41,1,106,1
17:22,55,43,1,46,2
17:24,53,58,1,189,4
17:26,125,59,1,194,8
17:27,57,43,1,206,1
17:29,65,40,1,211,2
17:31,57,66,1,204,4
17:33,64,92,1,197,8
17:35,52,30,1,222,1
17:36,59,33,1,57,2
17:38,55,61,1,45,4
17:40,126,54,1,316,8
17:42,61,69,1,34,4
17:43,92,64,1,254,4
17:45,57,32,1,249,1
17:47,50,40,1,258,2
17:49,58,80,1,225,4
17:50,51,34,1,382,1
17:52,46,42,1,232,2
17:54,65,45,1,84,4
17:56,54,43,1,142,1
17:57,51,46,53,155,2
18:00,54,45,1,231,2
18:01,85,51,1,168,4
18:03,35,89,1,123,8
18:05,54,34,1,185,1
18:06,64,32,1,220,2
18:08,92,60,1,247,4
18:10,128,66,1,18,8
18:12,50,39,1,105,1
18:13,65,40,1,351,2
18:15,99,58,1,34,4
18:17,118,24,1,323,8
18:19,72,34,1,270,2
18:20,53,31,1,200,1
18:22,56,31,1,10,1
18:24,65,50,1,15,2
18:26,95,46,1,165,4
18:27,46,36,1,121,1
18:29,70,52,1,58,2
18:31,84,87,1,145,4
18:33,54,33,1,368,1
18:34,57,34,1,87,2
18:36,57,85,1,26,4
18:38,63,37,1,95,8
18:40,55,37,1,293,1
18:41,73,39,1,317,2
18:43,85,81,1,264,4
18:45,70,34,1,263,8
18:46,48,39,1,190,1
18:48,51,33,1,296,2
18:50,54,57,1,45,4
18:52,112,55,1,190,8
18:53,142,84,1,60,24
18:55,62,25,1,195,24
18:57,46,30,1,225,1
18:59,72,47,1,194,2
19:00,92,60,1,95,4
19:02,51,37,1,242,1
19:04,72,43,1,164,2
19:06,76,37,1,10,4
19:07,58,44,1,46,1
19:09,46,32,1,328,2
19:11,97,63,1,291,4
19:13,108,27,1,60,8
19:14,57,44,1,84,1
19:16,69,31,1,215,2
19:18,56,70,1,297,4
19:20,86,53,1,357,8
19:21,58,38,1,396,1
19:23,49,41,1,183,2
19:25,74,46,1,108,4
19:27,16,85,1,399,8
19:28,45,39,1,54,1
19:30,142,73,1,396,24
19:32,56,32,1,111,1
19:33,70,48,1,374,2
19:35,86,67,1,349,4
19:37,58,33,1,343,1
19:39,46,57,1,226,2
19:40,69,72,1,25,4
19:42,45,34,1,94,1
19:44,66,38,1,333,2
19:46,86,51,1,146,4
19:47,10,56,1,360,8
19:49,52,34,1,32,1
19:51,50,35,1,95,2
19:53,67,35,1,226,4
19:54,121,31,1,275,8
19:56,47,38,1,137,1
19:58,119,22,68,271,24
20:00,51,49,2,123,2
20:04,87,51,3,255,4
20:08,114,20,3,357,8
20:12,37,44,3,232,8
20:17,56,39,1,292,2
20:21,45,36,2,392,1
20:25,74,55,2,381,2
20:30,97,54,1,361,4
20:34,49,32,3,82,1
20:38,58,55,2,336,2
20:42,74,78,3,137,4
20:47,59,35,2,376,1
20:51,46,49,1,233,2
20:55,55,51,2,273,4
21:00,124,19,1,12,8
21:04,53,39,3,178,1
21:08,69,54,2,252,2
21:12,73,89,3,160,4
21:17,41,47,2,65,8
21:21,57,32,1,121,1
21:25,70,35,2,399,2
21:30,91,75,3,78,4
21:34,95,67,1,113,8
21:38,71,35,2,339,2
21:42,58,38,1,74,24
21:47,59,32,1,16,1
21:51,65,48,3,213,2
21:55,53,37,29,356,1
22:00,74,65,1,203,4
22:07,52,33,2,391,1
22:15,63,42,2,285,2
22:22,69,84,2,151,4
22:30,51,42,2,251,1
22:37,65,51,2,208,2
22:45,51,40,1,312,4
22:52,76,69,1,117,8
23:00,59,34,1,329,1
23:07,49,43,1,286,2
23:15,61,86,1,171,4
23:22,46,31,2,276,8
23:30,56,39,1,148,1
23:37,56,31,1,259,2
23:45,100,71,2,66,4
23:52,126,77,11,194,8
