00:00,120,26,1,16,8
00:13,34,76,3,322,8
00:26,107,29,3,194,8
00:39,71,44,1,101,4
00:53,46,52,2,181,8
01:06,64,77,3,254,4
01:19,120,7,1,226,8
01:33,74,67,1,134,4
01:46,68,34,15,141,4
02:00,121,35,3,288,8
02:12,70,31,3,386,2
02:24,64,81,1,124,4
02:36,107,76,2,282,8
02:48,59,41,1,336,1
03:00,74,43,3,4,2
03:12,73,88,3,174,4
03:24,124,91,3,194,8
03:36,21,38,3,82,8
03:48,64,31,8,147,24
04:00,46,46,2,109,2
04:05,70,31,1,35,2
04:11,66,45,1,92,2
04:17,1,32,2,231,8
04:22,71,65,2,304,8
04:28,133,19,1,187,8
04:34,75,32,2,235,4
04:39,47,54,1,126,8
04:45,76,65,2,159,4
04:51,125,95,1,384,8
04:57,57,55,1,195,4
05:02,33,66,2,196,8
05:08,55,47,2,398,2
05:14,54,35,1,137,4
05:19,8,57,2,286,8
05:25,45,42,1,95,1
05:31,58,32,2,11,2
05:37,101,81,1,219,4
05:42,97,51,1,97,8
05:48,60,37,2,255,24
05:54,149,1,30,94,24
06:00,93,20,1,370,8
06:02,73,62,1,313,4
06:04,54,50,1,289,2
06:07,3,40,1,314,8
06:09,7,8,1,31,8
06:12,60,66,2,248,8
06:14,79,33,2,387,4
06:17,142,32,2,350,8
06:19,59,63,2,39,4
06:22,75,62,1,294,8
06:24,57,79,1,262,4
06:26,137,98,2,217,8
06:29,56,53,2,329,2
06:31,62,80,1,158,4
06:34,4,28,2,73,8
06:36,45,44,1,203,1
06:39,60,39,2,175,2
06:41,47,65,1,320,4
06:44,43,25,1,73,8
06:46,132,19,1,393,8
06:49,148,53,2,166,24
06:51,56,39,1,78,2
06:53,52,36,2,336,1
06:56,86,27,2,93,8
06:58,42,27,1,264,8
07:01,93,79,1,108,8
07:03,65,39,1,102,4
07:06,117,12,1,102,8
07:08,65,41,2,169,4
07:11,83,43,2,364,8
07:13,55,48,2,349,4
07:15,73,2,1,318,8
07:18,68,50,1,200,2
07:20,45,62,2,29,4
07:23,51,86,1,331,8
07:25,56,34,1,191,1
07:28,57,47,1,340,2
07:30,49,33,2,362,4
07:33,133,13,1,206,8
07:35,77,42,1,51,4
07:38,69,41,1,220,2
07:40,55,63,1,323,4
07:42,93,87,2,183,24
07:45,101,25,2,292,8
07:47,33,91,1,47,8
07:50,4,66,1,51,8
07:52,65,80,1,396,4
07:55,20,88,1,32,8
07:57,58,37,55,84,1
08:00,69,48,2,349,2
08:09,48,43,3,110,1
08:18,64,46,3,52,2
08:27,102,69,2,297,4
08:36,55,38,3,201,1
08:46,51,42,3,356,2
08:55,48,66,1,195,4
09:04,53,39,1,277,1
09:13,54,48,2,2,2
09:23,93,46,1,88,4
09:32,39,78,2,48,8
09:41,47,31,2,40,1
09:50,6,12,16,235,24
10:00,55,39,1,52,2
10:03,101,59,1,166,4
10:07,2,96,1,371,8
10:10,49,32,1,220,1
10:14,60,37,1,333,2
10:18,58,49,1,325,4
10:21,28,13,1,275,8
10:25,37,24,1,190,24
10:29,69,47,1,214,2
10:32,49,44,1,339,1
10:36,47,59,1,355,2
10:40,78,52,1,211,4
10:43,53,30,1,37,1
10:47,56,44,1,388,2
10:50,61,82,1,210,4
10:54,59,36,1,144,1
10:58,51,49,1,127,2
11:01,53,47,1,131,4
11:05,149,3,1,84,8
11:09,51,40,1,216,1
11:12,61,54,1,81,2
11:16,82,51,1,274,4
11:20,62,19,1,320,8
11:23,58,42,1,267,1
11:27,49,59,1,286,2
11:31,49,30,1,288,4
11:34,82,21,1,387,8
11:38,63,79,1,23,4
11:41,48,52,1,336,2
11:45,54,32,1,304,1
11:49,69,48,1,178,2
11:52,60,82,1,391,4
11:56,65,10,30,364,8
12:00,56,41,2,154,1
12:03,49,45,3,24,2
12:07,95,55,3,315,4
12:11,53,32,1,159,1
12:15,55,59,1,304,2
12:19,49,47,2,88,4
12:23,80,1,3,226,8
12:27,53,32,1,231,1
12:30,45,42,1,150,2
12:34,73,67,3,47,4
12:38,49,8,1,15,8
12:42,48,33,2,303,1
12:46,61,39,1,93,2
12:50,73,37,2,323,4
12:54,42,65,2,294,8
12:58,75,49,3,344,4
13:01,73,37,2,309,2
13:05,46,36,1,359,1
13:09,52,35,2,132,2
13:13,72,83,3,308,4
13:17,51,36,2,45,1
13:21,59,39,2,274,2
13:25,78,88,3,219,4
13:29,51,40,1,7,1
13:32,72,47,1,228,2
13:36,75,39,1,188,4
13:40,46,61,1,293,8
13:44,49,37,1,248,1
13:48,68,40,2,132,2
13:52,93,50,3,191,4
13:56,110,25,37,24,24
14:00,132,73,1,245,8
14:03,48,36,3,173,1
14:07,63,38,3,222,2
14:10,60,50,1,210,4
14:14,141,26,3,277,8
14:18,14,40,3,67,8
14:21,65,35,2,337,2
14:25,56,36,1,71,1
14:29,59,39,3,168,2
14:32,46,47,1,150,4
14:36,55,37,1,104,1
14:40,51,52,3,295,2
14:43,86,70,2,155,4
14:47,54,34,1,399,1
14:50,48,53,1,279,2
14:54,86,61,1,92,4
14:58,133,48,3,5,8
15:01,50,34,1,217,1
15:05,57,30,1,43,2
15:09,81,47,2,125,4
15:12,116,10,3,173,8
15:16,48,44,3,121,1
15:20,61,46,1,399,2
15:23,92,88,3,330,4
15:27,102,58,1,261,8
15:31,16,33,3,98,24
15:34,60,55,3,97,2
15:38,54,41,2,148,1
15:41,49,35,3,398,2
15:45,81,63,2,9,4
15:49,51,33,3,252,1
15:52,56,31,3,232,2
15:56,2,70,60,257,24
16:00,58,44,2,93,1
16:02,50,42,2,64,2
16:05,48,85,1,118,4
16:08,48,37,1,118,1
16:10,53,30,2,200,2
16:13,77,37,2,230,4
16:16,56,32,2,53,1
16:19,66,40,1,275,2
16:21,93,42,1,137,4
16:24,53,96,1,167,8
16:27,55,41,2,39,1
16:30,73,33,2,185,2
16:32,98,51,1,8,4
16:35,30,21,2,165,8
16:38,46,34,1,327,1
16:40,51,49,1,31,2
16:43,48,62,2,315,4
16:46,89,83,1,163,8
16:49,28,83,2,278,8
16:51,22,80,2,221,8
16:54,56,31,2,87,1
16:57,50,34,1,340,2
17:00,64,77,1,330,4
17:02,51,44,2,211,1
17:05,59,59,1,46,2
17:08,57,77,1,318,4
17:10,59,39,2,132,1
17:13,59,56,2,367,2
17:16,75,76,1,202,4
17:19,11,31,2,299,8
17:21,56,41,1,270,1
17:24,67,49,2,265,2
17:27,55,58,2,197,4
17:30,147,59,1,301,8
17:32,45,44,1,191,1
17:35,67,40,1,307,2
17:38,84,71,2,358,4
17:41,28,56,2,205,8
17:43,148,18,2,336,8
17:46,146,54,2,307,8
17:49,53,41,2,50,1
17:51,62,51,2,244,2
17:54,54,85,2,47,4
17:57,69,39,24,24,2
18:00,45,37,2,340,1
18:03,49,57,1,167,2
18:06,69,47,2,185,4
18:09,54,31,1,137,1
18:12,60,33,1,258,2
18:16,56,85,2,139,4
18:19,69,68,1,257,8
18:22,46,30,1,106,1
18:25,61,55,1,363,2
18:29,57,63,1,106,4
18:32,122,7,1,282,8
18:35,56,30,1,398,1
18:38,65,32,1,187,2
18:42,80,43,1,234,4
18:45,115,96,1,328,8
18:48,105,51,1,209,24
18:51,57,64,1,190,4
18:55,53,37,1,383,1
18:58,67,32,1,51,2
19:01,67,60,1,80,4
19:04,50,38,2,294,1
19:08,56,36,1,235,2
19:11,60,74,2,114,4
19:14,50,39,2,368,1
19:17,53,38,1,66,2
19:21,73,62,2,119,4
19:24,116,1,1,191,8
19:27,55,42,2,239,1
19:30,55,43,1,353,2
19:33,52,78,2,116,4
19:37,116,20,1,219,8
19:40,50,33,1,229,1
19:43,61,44,1,274,2
19:46,62,48,1,225,4
19:50,46,34,1,12,8
19:53,89,11,2,46,8
19:56,45,77,58,76,4
20:00,72,45,3,242,2
20:07,48,41,3,205,1
20:14,74,38,1,14,2
20:21,72,70,1,274,4
20:28,55,34,1,185,1
20:35,54,53,2,278,2
20:42,83,35,1,310,4
20:49,57,43,2,342,1
20:56,74,42,3,286,2
21:03,88,49,3,39,4
21:10,86,40,2,299,8
21:17,53,43,3,78,1
21:24,66,44,3,75,2
21:31,86,42,2,235,4
21:38,138,98,2,259,8
21:45,56,43,3,397,1
21:52,70,55,29,287,2
22:00,68,51,2,123,2
22:12,54,57,1,35,4
22:24,136,27,2,323,8
22:36,62,32,2,299,2
22:48,74,50,1,193,2
23:00,58,33,1,100,1
23:12,52,33,1,212,2
23:24,65,79,1,266,4
23:36,48,37,1,190,1
23:48,96,68,13,234,4
