00:00,111,34,2,349,8
00:04,80,50,1,42,8
00:09,102,22,2,332,8
00:14,54,81,2,243,4
00:19,46,47,2,375,8
00:24,57,69,1,201,4
00:28,146,91,1,26,8
00:33,67,66,2,371,4
00:38,17,20,2,135,8
00:43,45,46,2,7,2
00:48,62,87,1,178,4
00:52,125,79,2,185,8
00:57,55,41,2,304,1
01:02,61,58,1,202,2
01:07,54,52,1,396,4
01:12,65,71,1,309,8
01:16,136,59,2,383,8
01:21,69,45,1,49,8
01:26,144,2,1,164,8
01:31,49,34,1,33,1
01:36,60,29,1,234,8
01:40,6,1,1,88,8
01:45,131,24,2,220,8
01:50,89,52,1,396,4
01:55,91,61,22,5,8
02:00,80,69,1,384,8
02:04,67,86,2,326,4
02:09,129,56,1,300,8
02:14,62,40,1,15,4
02:19,96,55,1,16,8
02:24,47,47,1,231,2
02:28,70,80,1,334,4
02:33,26,41,2,229,8
02:38,53,38,2,168,1
02:43,60,42,2,383,2
02:48,99,48,2,279,4
02:52,142,3,1,252,8
02:57,87,45,1,332,24
03:02,59,30,2,191,1
03:07,3,65,1,190,8
03:12,119,28,2,169,24
03:16,3,66,1,243,8
03:21,140,8,2,342,8
03:26,1,43,1,3,8
03:31,47,78,2,218,4
03:36,47,25,1,52,8
03:40,73,37,1,82,4
03:45,119,13,2,254,8
03:50,81,69,2,61,4
03:55,50,46,26,247,2
04:00,140,36,1,372,8
04:04,61,53,4,73,2
04:08,53,60,2,175,4
04:12,99,48,2,40,8
04:17,49,40,2,177,1
04:21,55,44,2,390,2
04:25,69,67,4,100,4
04:30,52,18,4,281,8
04:34,51,50,3,206,2
04:38,147,17,4,24,24
04:42,52,30,4,61,1
04:47,90,64,1,326,4
04:51,80,69,2,2,8
04:55,113,74,2,41,8
05:00,148,11,3,37,8
05:04,97,33,3,144,4
05:08,51,83,2,89,8
05:12,64,81,3,66,4
05:17,10,42,1,370,8
05:21,88,70,1,168,4
05:25,78,49,1,370,8
05:30,72,46,3,93,2
05:34,72,72,4,343,4
05:38,137,39,2,124,8
05:42,51,42,4,277,1
05:47,73,36,3,347,2
05:51,70,63,2,390,4
05:55,55,47,53,192,4
06:00,84,52,1,154,8
06:01,48,50,1,270,4
06:02,21,79,1,227,24
06:03,100,36,1,284,4
06:04,76,49,1,184,4
06:05,42,94,1,58,8
06:06,46,42,1,136,8
06:07,112,3,1,157,8
06:08,48,68,2,212,4
06:09,121,83,2,197,8
06:10,68,70,1,152,4
06:11,88,53,1,173,8
06:12,87,55,1,238,4
06:13,120,27,2,258,8
06:14,68,54,2,177,2
06:15,75,49,2,154,4
06:16,39,54,1,356,8
06:17,54,32,1,382,1
06:18,60,54,2,8,2
06:19,94,52,2,63,4
06:20,2,51,2,260,8
06:21,56,34,1,371,2
06:22,19,42,1,223,8
06:23,59,31,1,218,4
06:24,65,46,1,206,2
06:25,70,47,1,381,8
06:26,96,75,2,181,8
06:27,86,44,1,62,8
06:28,95,51,2,30,4
06:29,148,42,2,62,8
06:30,91,36,2,134,4
06:31,17,58,2,358,8
06:32,100,85,1,12,4
06:33,54,39,2,187,8
06:34,47,47,1,300,2
06:35,97,79,1,123,4
06:36,69,29,2,360,8
06:37,59,31,1,84,1
06:38,51,34,1,107,2
06:39,86,82,1,376,4
06:40,131,5,2,342,8
06:41,46,49,2,222,8
06:42,118,31,2,294,24
06:43,54,38,1,136,1
06:44,63,41,2,201,2
06:45,12,42,2,148,8
06:46,64,14,2,274,8
06:47,37,47,2,156,8
06:48,67,49,1,223,4
06:49,70,84,1,236,8
06:50,100,88,1,343,4
06:51,149,74,2,350,8
06:52,57,33,1,357,4
06:53,85,7,1,39,8
06:54,61,34,1,117,2
06:55,94,61,1,399,4
06:56,128,65,1,34,8
06:57,54,41,2,136,1
06:58,63,52,1,32,2
06:59,93,72,1,18,4
07:00,89,53,1,140,8
07:01,58,38,1,122,4
07:02,45,46,1,142,2
07:03,108,31,2,179,24
07:04,100,32,2,90,4
07:05,11,10,1,313,8
07:06,50,59,2,121,8
07:07,19,85,2,205,8
07:08,75,81,2,198,4
07:09,20,69,1,196,8
07:10,63,65,1,118,4
07:11,99,37,1,225,8
07:12,73,68,2,109,4
07:13,136,4,2,301,8
07:14,46,37,2,155,2
07:15,83,30,2,156,4
07:16,77,73,1,273,8
07:17,53,40,2,204,1
07:18,50,51,2,297,2
07:19,67,37,2,147,4
07:20,38,36,2,96,8
07:21,32,1,1,317,24
07:22,5,19,2,70,24
07:23,53,38,2,372,1
07:24,67,43,1,55,2
07:25,87,99,2,325,8
07:26,41,9,2,341,8
07:27,136,59,2,114,8
07:28,84,53,2,203,4
07:29,129,42,2,152,8
07:30,76,88,2,156,4
07:31,86,93,1,29,8
07:32,66,84,2,255,4
07:33,81,73,1,138,8
07:34,71,54,1,338,2
07:35,60,72,1,87,4
07:36,105,12,1,141,8
07:37,53,32,1,244,1
07:38,56,32,1,265,2
07:39,104,40,2,213,4
07:40,42,32,1,190,8
07:41,50,79,2,301,4
07:42,24,50,1,385,8
07:43,78,34,2,246,24
07:44,67,43,2,13,8
07:45,127,95,1,231,8
07:46,37,81,1,369,8
07:47,35,17,1,255,8
07:48,57,48,2,264,4
07:49,75,7,1,351,8
07:50,45,88,1,54,4
07:51,2,16,1,92,8
07:52,57,32,2,10,4
07:53,64,32,1,289,8
07:54,46,52,2,168,2
07:55,50,76,2,58,4
07:56,1,92,1,382,8
07:57,45,37,2,350,1
07:58,59,31,1,342,2
07:59,53,43,72,101,1
08:00,67,58,2,330,2
08:04,59,39,1,81,1
08:08,57,45,2,50,2
08:12,61,46,1,375,4
08:16,57,35,1,285,1
08:20,45,50,1,117,2
08:24,55,82,2,304,4
08:28,53,32,2,141,1
08:32,74,30,2,265,2
08:36,100,34,1,94,4
08:40,146,45,1,7,8
08:44,57,39,1,154,1
08:48,69,57,1,156,2
08:52,101,30,1,170,4
08:56,8,53,1,94,8
09:00,46,40,1,45,1
09:04,66,36,1,55,2
09:08,78,31,2,371,4
09:12,110,57,1,321,8
09:16,80,35,2,381,4
09:20,73,43,2,102,2
09:24,59,30,1,329,1
09:28,59,32,2,80,2
09:32,45,50,2,117,4
09:36,50,43,2,172,1
09:40,65,42,2,81,2
09:44,69,44,1,328,4
09:48,53,41,2,186,1
09:52,50,35,2,90,2
09:56,118,78,39,299,8
10:00,58,32,2,185,4
10:02,17,91,1,284,8
10:04,48,35,1,377,1
10:06,61,39,2,397,2
10:09,66,69,1,191,4
10:11,83,51,1,230,8
10:13,59,36,1,281,1
10:16,73,46,1,264,2
10:18,77,86,1,221,4
10:20,112,24,1,293,8
10:23,93,46,1,50,4
10:25,49,38,2,374,2
10:27,55,31,1,295,1
10:30,52,56,1,252,2
10:32,75,85,2,12,4
10:34,47,38,1,332,1
10:36,67,42,2,301,2
10:39,74,41,2,55,4
10:41,59,40,2,166,1
10:43,71,57,2,18,2
10:46,83,50,2,258,4
10:48,41,81,1,360,8
10:50,46,34,1,359,1
10:53,57,42,2,219,2
10:55,67,31,1,363,4
10:57,70,15,2,312,8
11:00,53,39,1,305,1
11:02,64,30,2,4,2
11:04,103,89,2,226,4
11:06,117,63,1,342,8
11:09,17,48,1,388,24
11:11,48,41,2,157,2
11:13,55,44,1,327,1
11:16,71,33,2,156,2
11:18,98,60,1,159,4
11:20,54,37,1,222,1
11:23,68,47,1,213,2
11:25,53,73,2,168,4
11:27,50,38,2,167,1
11:30,54,52,2,208,2
11:32,81,86,1,203,4
11:34,17,86,1,393,8
11:37,57,30,1,25,1
11:39,65,45,2,134,2
11:41,61,35,2,199,4
11:43,65,56,2,328,8
11:46,45,30,1,368,1
11:48,52,55,1,254,2
11:50,51,59,1,203,4
11:53,4,59,2,26,8
11:55,57,36,2,169,2
11:57,78,33,51,117,8
12:00,58,43,1,359,2
12:01,48,33,1,177,1
12:02,50,34,1,236,2
12:03,82,32,1,349,4
12:04,46,30,1,81,1
12:06,68,32,1,1,2
12:07,91,39,1,331,4
12:08,51,31,1,74,1
12:09,69,35,1,188,2
12:10,56,63,1,339,4
12:12,83,70,1,121,8
12:13,50,34,1,126,1
12:14,48,52,1,303,2
12:15,90,68,1,27,4
12:16,46,75,1,170,8
12:18,46,31,1,230,1
12:19,47,54,1,54,2
12:20,62,42,1,7,4
12:21,26,55,1,357,8
12:22,62,39,1,39,4
12:24,73,54,1,336,2
12:25,49,40,1,79,1
12:26,46,47,1,343,2
12:27,104,68,1,398,4
12:29,46,30,1,119,1
12:30,70,37,1,258,2
12:31,80,81,1,182,4
12:32,46,39,1,208,1
12:33,65,44,1,115,2
12:35,87,55,1,230,4
12:36,137,20,1,215,8
12:37,45,40,1,300,1
12:38,60,58,1,378,2
12:39,55,79,1,138,4
12:41,128,52,1,264,8
12:42,54,32,1,336,1
12:43,51,46,1,228,2
12:44,83,87,1,341,4
12:45,28,23,1,232,8
12:47,55,53,1,261,4
12:48,54,50,1,163,2
12:49,50,34,1,21,1
12:50,54,37,1,150,2
12:52,68,51,1,112,4
12:53,55,32,1,55,1
12:54,73,51,1,351,2
12:55,50,68,1,332,4
12:56,58,33,1,157,1
12:58,73,34,1,43,2
12:59,99,67,1,26,4
13:00,108,23,1,182,8
13:01,53,43,1,42,1
13:02,48,46,1,352,2
13:04,53,39,1,334,4
13:05,37,77,1,230,8
13:06,50,31,1,229,1
13:07,74,39,1,148,2
13:08,82,88,1,58,4
13:10,20,33,1,86,8
13:11,69,36,1,31,4
13:12,70,40,1,196,2
13:13,58,35,1,400,1
13:15,64,54,1,364,2
13:16,71,35,1,156,4
13:17,54,40,1,158,1
13:18,65,50,1,281,2
13:19,65,41,1,212,4
13:21,46,31,1,203,1
13:22,61,36,1,285,2
13:23,70,82,1,348,4
13:24,148,61,1,192,8
13:25,58,42,1,339,1
13:27,52,45,1,208,2
13:28,101,63,1,259,4
13:29,118,67,1,299,8
13:30,51,39,1,8,1
13:31,50,35,1,211,2
13:33,52,67,1,383,4
13:34,107,28,1,224,8
13:35,45,36,1,200,1
13:36,74,42,1,142,2
13:38,58,36,1,183,1
13:39,47,35,1,367,2
13:40,53,73,1,59,4
13:41,58,38,1,18,1
13:42,67,52,1,291,2
13:44,86,43,1,140,4
13:45,50,39,1,366,1
13:46,65,41,1,376,2
13:47,78,85,1,169,4
13:48,83,65,1,36,8
13:50,46,34,1,134,1
13:51,60,38,1,88,2
13:52,58,79,1,324,4
13:53,9,13,1,399,8
13:54,52,41,1,300,1
13:56,67,37,1,162,2
13:57,91,57,1,156,4
13:58,52,36,89,36,1
14:00,127,78,1,384,8
14:01,34,47,1,361,8
14:02,52,31,2,204,2
14:03,48,39,1,363,1
14:04,55,47,2,122,2
14:05,62,35,2,64,4
14:06,47,43,2,146,1
14:07,62,33,1,145,2
14:08,52,48,1,115,4
14:09,50,43,1,118,1
14:10,72,51,1,250,2
14:11,60,46,1,266,4
14:12,128,52,2,47,8
14:13,49,36,1,284,1
14:14,72,46,2,189,2
14:15,101,38,1,56,4
14:16,142,22,2,113,8
14:17,53,40,1,348,1
14:18,70,52,2,184,2
14:19,60,85,1,367,4
14:20,32,63,1,161,8
14:22,66,38,2,107,2
14:23,46,32,2,193,2
14:24,45,44,1,277,1
14:25,64,44,2,155,2
14:26,50,36,2,373,4
14:27,51,34,2,30,1
14:28,65,58,1,9,2
14:29,104,72,2,293,4
14:30,54,35,1,322,1
14:31,51,52,1,102,2
14:32,66,54,1,2,4
14:33,92,92,1,7,8
14:34,54,34,1,8,1
14:35,68,32,2,26,2
14:36,49,61,1,142,4
14:37,56,74,1,113,8
14:38,54,37,1,233,1
14:39,66,47,2,181,2
14:40,66,79,2,239,4
14:41,105,83,1,281,8
14:43,36,45,2,269,24
14:44,49,42,1,286,2
14:45,57,43,1,19,1
14:46,52,31,1,93,2
14:47,56,89,2,192,4
14:48,49,41,1,262,1
14:49,48,55,2,397,2
14:50,50,70,1,91,4
14:51,52,30,1,116,1
14:52,48,32,2,142,2
14:53,45,39,1,315,4
14:54,37,7,1,148,8
14:55,48,33,2,256,1
14:56,49,45,1,166,2
14:57,82,68,2,84,4
14:58,34,91,2,292,8
14:59,53,35,1,226,1
15:00,74,51,1,111,2
15:01,74,33,1,166,4
15:02,99,72,1,57,8
15:04,101,49,2,80,4
15:05,66,38,1,196,2
15:06,56,39,2,181,1
15:07,64,54,1,94,2
15:08,52,54,2,383,4
15:09,47,36,1,73,1
15:10,72,54,1,143,2
15:11,74,35,2,100,4
15:12,51,41,2,181,1
15:13,74,51,2,322,2
15:14,92,83,1,200,4
15:15,103,4,1,211,8
15:16,48,31,2,169,1
15:17,47,48,1,354,2
15:18,100,53,1,29,4
15:19,32,15,1,2,8
15:20,51,33,2,116,1
15:21,63,53,1,304,2
15:22,76,77,1,362,4
15:23,33,55,2,173,8
15:25,55,2,2,349,8
15:26,49,43,2,96,2
15:27,56,41,1,67,1
15:28,62,56,1,152,2
15:29,62,35,2,397,4
15:30,45,39,2,57,1
15:31,58,43,2,30,2
15:32,61,83,1,276,4
15:33,53,34,1,228,1
15:34,64,44,1,16,2
15:35,82,61,1,200,4
15:36,92,1,1,55,8
15:37,54,43,2,259,1
15:38,46,54,1,133,2
15:39,70,46,2,51,4
15:40,9,31,1,44,8
15:41,48,35,2,107,1
15:42,65,47,1,113,2
15:43,97,54,1,218,4
15:44,148,49,1,291,8
15:46,46,87,2,220,4
15:47,65,32,1,291,2
15:48,52,39,2,148,1
15:49,45,47,2,121,2
15:50,89,73,1,311,4
15:51,46,41,1,145,1
15:52,56,49,1,233,2
15:53,53,54,1,364,4
15:54,59,30,1,391,1
15:55,69,38,2,306,2
15:56,87,53,2,230,4
15:57,43,53,2,45,8
15:58,48,38,92,15,1
16:00,46,36,1,197,1
16:01,72,45,3,352,2
16:03,90,85,2,195,4
16:05,57,36,1,103,1
16:07,48,55,3,123,2
16:09,79,36,3,111,4
16:11,45,41,2,237,1
16:13,51,38,1,205,2
16:15,77,34,2,42,4
16:17,146,77,2,173,8
16:19,57,30,2,207,1
16:21,52,35,2,222,2
16:23,80,57,1,395,4
16:25,146,64,1,95,8
16:27,54,40,1,202,1
16:29,45,34,2,15,2
16:31,57,87,1,70,4
16:32,47,81,1,290,8
16:34,62,92,2,214,8
16:36,87,70,2,45,4
16:38,58,30,3,383,1
16:40,71,34,1,397,2
16:42,60,55,3,205,4
16:44,52,30,1,358,1
16:46,64,35,2,184,2
16:48,81,73,1,292,4
16:50,55,38,1,27,1
16:52,52,30,2,214,2
16:54,68,85,1,262,4
16:56,80,24,3,19,8
16:58,50,31,3,384,1
17:00,61,40,1,318,2
17:02,104,80,3,227,4
17:04,34,1,3,80,8
17:05,56,37,2,257,1
17:07,53,55,2,359,2
17:09,95,33,3,210,4
17:11,56,22,1,140,8
17:13,67,39,3,277,2
17:15,74,32,3,131,2
17:17,54,31,3,205,1
17:19,62,48,1,312,2
17:21,46,30,2,33,4
17:23,56,35,2,99,1
17:25,64,34,1,148,2
17:27,53,51,1,231,4
17:29,57,43,3,229,1
17:31,53,51,1,191,2
17:33,99,56,2,266,4
17:35,6,76,1,369,8
17:37,57,42,1,238,1
17:38,52,59,2,325,2
17:40,58,65,3,78,4
17:42,70,48,2,136,8
17:44,56,32,1,171,1
17:46,63,56,3,247,2
17:48,102,38,3,57,4
17:50,21,42,2,59,8
17:52,85,37,1,255,4
17:54,45,37,3,22,2
17:56,52,37,2,245,1
17:58,109,82,66,359,8
18:00,61,33,2,260,2
18:02,71,35,4,309,4
18:05,45,32,2,364,1
18:07,60,41,4,362,2
18:10,79,79,3,208,4
18:12,51,35,2,60,1
18:15,74,46,2,29,2
18:17,75,38,2,163,4
18:20,1,64,4,148,8
18:22,54,38,3,392,1
18:25,73,44,1,337,2
18:27,50,64,2,127,4
18:30,43,10,3,127,8
18:32,52,37,1,23,1
18:35,60,36,3,248,2
18:37,77,37,1,139,4
18:40,128,4,3,308,8
18:42,45,37,2,385,1
18:45,55,61,3,132,8
18:47,48,35,1,246,1
18:50,64,30,3,310,2
18:52,59,70,3,384,4
18:55,48,40,3,240,1
18:57,57,49,2,359,2
19:00,47,31,2,93,4
19:02,58,44,3,245,1
19:05,63,51,2,338,2
19:07,45,82,4,38,4
19:10,43,51,4,352,8
19:12,58,42,2,85,1
19:15,56,38,4,221,2
19:17,95,48,3,148,4
19:20,42,33,2,12,8
19:22,50,33,4,379,1
19:25,52,42,1,92,2
19:27,69,67,3,361,4
19:30,20,22,4,212,8
19:32,53,41,4,18,1
19:35,97,50,3,104,4
19:37,59,34,1,124,1
19:40,74,47,2,140,2
19:42,62,88,2,76,4
19:45,57,37,2,74,1
19:47,55,54,1,254,2
19:50,83,72,2,287,4
19:52,55,44,1,193,1
19:55,59,58,3,231,2
19:57,83,84,87,237,4
20:00,101,42,2,223,4
20:03,132,37,1,392,8
20:06,45,32,1,178,1
20:09,48,48,2,31,2
20:12,89,47,1,137,4
20:15,68,57,2,282,8
20:18,59,34,1,248,1
20:21,73,59,1,91,2
20:24,64,30,3,287,4
20:27,40,55,1,167,8
20:30,67,91,2,236,8
20:33,8,68,3,107,24
20:36,47,38,2,312,1
20:40,70,53,3,8,2
20:43,61,52,3,124,4
20:46,52,36,3,20,1
20:49,51,56,1,342,2
20:52,104,33,3,253,4
20:55,52,30,3,373,1
20:58,74,33,3,276,2
21:01,51,87,3,361,4
21:04,29,77,3,81,8
21:07,50,43,3,267,1
21:10,50,58,3,192,2
21:13,53,55,2,28,4
21:16,65,21,3,211,8
21:20,50,33,1,259,1
21:23,51,32,2,195,2
21:26,87,62,1,126,4
21:29,36,41,1,160,8
21:32,81,13,3,67,8
21:35,48,31,3,93,1
21:38,47,30,3,14,1
21:41,47,54,3,168,2
21:44,93,58,2,177,4
21:47,58,34,2,109,1
21:50,57,51,3,180,2
21:53,69,80,1,282,4
21:57,113,98,43,215,24
22:00,58,34,1,136,1
22:08,46,52,3,40,2
22:17,58,55,2,339,4
22:25,114,78,3,307,8
22:34,57,31,2,133,1
22:42,47,43,2,387,2
22:51,100,52,2,196,4
22:59,91,58,3,23,8
23:08,58,44,1,93,1
23:17,45,34,3,3,2
23:25,80,74,1,243,4
23:34,140,75,1,78,8
23:42,113,31,1,209,8
23:51,97,98,24,4,8
