00:00,63,24,3,183,8
00:04,4,55,4,77,8
00:08,97,53,2,201,8
00:12,47,37,3,55,8
00:16,53,64,2,339,4
00:20,31,31,4,153,8
00:24,54,39,2,29,4
00:28,100,69,4,189,8
00:32,64,69,3,55,4
00:36,75,26,4,158,8
00:40,78,47,3,390,4
00:44,51,31,3,1,2
00:48,93,14,2,42,8
00:52,51,66,3,107,4
00:56,52,39,1,18,2
01:00,49,32,3,349,1
01:04,37,55,2,89,8
01:08,47,31,3,389,4
01:12,54,40,1,250,2
01:16,46,39,2,13,1
01:20,63,31,2,278,8
01:24,40,8,1,230,8
01:28,104,5,1,282,8
01:32,30,18,3,70,8
01:36,76,61,2,50,4
01:40,56,55,2,7,8
01:44,140,57,9,713,24
02:00,66,55,1,356,4
02:04,53,15,2,8,8
02:08,69,69,3,262,4
02:12,75,43,2,128,8
02:16,63,50,4,381,4
02:20,50,32,3,216,2
02:24,80,16,3,366,8
02:28,76,56,2,294,4
02:32,49,49,2,282,2
02:36,48,31,4,157,1
02:40,29,42,2,264,8
02:44,80,58,3,378,4
02:48,51,33,1,142,2
02:52,46,33,3,128,1
02:56,25,20,1,148,8
03:00,27,49,2,261,8
03:04,5,5,3,150,8
03:08,61,4,3,78,8
03:12,56,44,3,237,4
03:16,61,32,2,207,8
03:20,72,40,3,278,4
03:24,87,14,1,121,8
03:28,65,31,3,186,4
03:32,2,34,2,249,8
03:36,83,87,16,515,24
04:00,79,67,4,247,4
04:02,48,36,4,85,2
04:04,103,15,2,296,8
04:06,53,61,3,184,4
04:08,54,36,5,95,2
04:10,54,35,2,305,1
04:12,82,33,4,88,8
04:14,53,59,3,42,4
04:16,52,47,2,280,2
04:18,47,37,4,53,1
04:20,56,16,2,66,8
04:22,50,2,4,56,8
04:24,38,46,5,183,8
04:26,46,11,5,100,8
04:28,66,45,5,280,4
04:30,100,25,5,228,8
04:32,56,35,4,118,4
04:34,53,9,3,267,8
04:36,79,39,2,94,4
04:38,65,34,5,355,8
04:40,80,67,4,150,4
04:42,62,41,2,220,2
04:44,50,13,3,263,8
04:46,49,50,2,236,4
04:48,51,44,1,84,2
04:50,46,36,4,130,1
04:52,15,11,4,383,8
04:54,75,67,5,328,4
04:56,63,43,4,94,2
04:58,52,37,3,28,1
05:00,82,69,3,355,8
05:02,6,8,3,222,8
05:04,43,28,3,253,8
05:06,25,23,4,322,8
05:08,52,39,5,331,4
05:10,83,29,3,155,8
05:12,51,54,5,90,4
05:14,64,27,3,329,8
05:16,68,62,2,63,4
05:18,36,51,4,218,8
05:20,61,61,1,98,4
05:22,59,35,4,91,2
05:24,43,68,2,110,8
05:26,84,31,1,370,4
05:28,51,39,1,281,2
06:00,50,38,3,40,1
06:01,14,63,1,302,8
06:02,52,43,1,264,4
06:03,49,47,2,334,2
06:04,48,36,1,311,1
06:05,44,1,3,3,8
06:06,18,52,2,25,8
06:07,29,8,3,99,8
06:08,46,61,1,44,8
06:09,69,64,2,45,4
06:10,18,18,2,278,8
06:11,64,39,1,154,4
06:12,61,47,2,200,8
06:13,56,55,3,165,4
06:14,67,23,3,117,8
06:15,78,31,2,91,4
06:16,56,48,2,271,2
06:17,18,46,4,163,8
06:18,78,58,3,53,4
06:19,47,43,2,146,2
06:20,46,36,2,239,1
06:21,82,62,2,233,8
06:22,52,33,2,264,4
06:23,48,46,2,109,2
06:24,51,39,3,19,1
06:25,85,50,3,170,8
06:26,12,26,2,306,8
06:27,32,53,2,177,8
06:28,7,20,2,232,8
06:29,56,35,4,290,4
06:30,65,31,1,100,8
06:31,73,57,2,280,4
06:32,86,29,2,74,8
06:33,48,61,3,129,4
06:34,73,1,3,175,8
06:35,54,62,3,13,4
06:36,48,41,2,371,2
06:37,87,41,3,19,8
06:38,64,66,4,135,4
06:39,52,36,2,57,2
06:40,52,31,2,58,1
06:41,35,1,2,362,8
06:42,83,45,1,130,4
06:43,50,46,2,85,2
06:44,54,33,1,323,1
06:45,94,7,2,127,8
06:46,37,62,3,170,8
06:47,58,38,3,371,8
06:48,24,39,3,175,8
06:49,47,65,1,104,4
06:50,93,24,2,136,8
06:51,71,48,2,5,4
06:52,87,48,3,236,8
06:53,80,61,3,289,4
06:54,34,27,1,75,8
06:55,63,41,2,64,4
06:56,48,49,2,183,2
06:57,60,38,2,322,8
06:58,83,50,2,263,4
06:59,46,42,2,159,2
07:00,46,37,3,397,1
07:01,37,5,2,18,8
07:02,47,51,1,103,4
07:03,56,38,2,342,2
07:04,46,34,2,280,1
07:05,73,8,2,290,8
07:06,97,35,3,263,8
07:07,102,14,3,257,8
07:08,83,59,3,373,8
07:09,74,65,1,334,4
07:10,84,1,2,239,8
07:11,50,37,1,266,4
07:12,100,54,4,335,8
07:13,53,54,3,65,4
07:14,101,11,3,366,8
07:15,84,54,1,290,4
07:16,56,45,2,37,2
07:17,97,7,2,3,8
07:18,82,40,3,26,4
07:19,54,44,2,361,2
07:20,51,34,3,208,1
07:21,60,58,3,285,8
07:22,49,63,3,398,4
07:23,50,32,3,258,2
07:24,52,31,2,305,1
07:25,40,47,1,126,8
07:26,34,49,3,181,8
07:27,38,8,2,186,8
07:28,56,61,4,366,8
07:29,58,61,2,369,4
07:30,39,49,2,67,8
07:31,73,49,3,198,4
07:32,17,21,1,320,8
07:33,75,53,3,170,4
07:34,47,61,3,254,8
07:35,51,64,4,93,4
07:36,47,41,1,272,2
07:37,3,45,3,153,8
07:38,74,41,2,16,4
07:39,59,38,4,184,2
07:40,47,34,3,262,1
07:41,54,33,1,326,8
07:42,55,59,3,315,4
07:43,55,48,3,239,2
07:44,50,37,3,316,1
07:45,58,12,4,282,8
07:46,39,40,2,198,8
07:47,51,5,3,95,8
07:48,22,26,2,384,8
07:49,69,48,4,328,4
07:50,38,11,2,57,8
07:51,70,44,1,257,4
07:52,65,31,3,159,8
07:53,74,39,1,288,4
07:54,72,27,2,330,8
07:55,68,35,2,17,4
07:56,50,32,2,2,2
07:57,96,63,1,157,8
07:58,59,38,2,265,4
07:59,2,8,28,610,24
08:00,46,31,5,70,2
08:05,63,56,3,348,4
08:10,52,38,4,364,2
08:15,51,37,2,397,1
08:20,60,47,2,21,4
08:25,46,31,2,136,2
08:30,54,38,2,153,1
08:35,78,17,5,344,8
08:40,52,32,6,244,4
08:45,58,48,3,149,2
08:50,49,36,5,303,1
08:55,94,31,5,329,8
09:00,73,47,3,335,4
09:05,46,48,4,17,2
09:10,46,37,3,189,1
09:15,49,38,6,275,8
09:20,52,59,6,143,4
09:25,64,40,4,34,2
09:30,52,35,6,366,1
09:35,92,13,2,329,8
09:40,48,32,5,389,2
09:45,48,52,6,393,4
09:50,141,31,12,523,24
10:00,59,43,3,113,2
10:02,49,35,4,253,1
10:04,68,49,3,51,4
10:06,57,43,1,108,2
10:08,53,37,4,5,1
10:10,28,34,1,60,8
10:12,63,69,2,112,4
10:14,52,31,2,176,2
10:16,50,34,2,160,1
10:18,86,33,1,248,8
10:20,83,61,3,333,4
10:22,61,45,2,43,2
10:24,53,38,4,135,1
10:26,100,6,1,364,8
10:28,48,37,1,334,4
10:30,59,35,2,380,2
10:32,47,39,1,217,1
10:34,31,11,5,152,8
10:36,46,36,1,320,2
10:38,83,66,1,219,4
10:40,56,32,5,369,2
10:42,53,32,3,257,1
10:44,62,58,2,65,4
10:46,61,41,3,107,2
10:48,49,38,3,198,1
10:50,86,61,5,265,8
10:52,56,63,2,370,4
10:54,47,42,2,385,2
10:56,50,33,3,35,1
10:58,81,65,1,94,8
11:00,47,58,2,94,4
11:02,50,31,4,163,2
11:04,52,31,1,110,1
11:06,4,59,4,39,8
11:08,55,61,3,141,4
11:10,64,33,5,192,2
11:12,47,37,5,347,1
11:14,19,19,3,263,8
11:16,49,32,4,9,2
11:18,70,51,4,243,4
11:20,54,38,3,135,2
11:22,54,35,5,165,1
11:24,50,33,3,96,4
11:26,61,37,3,377,2
11:28,53,31,4,207,1
11:30,3,54,4,72,8
11:32,74,52,3,200,4
11:34,113,71,18,691,24
12:00,64,49,2,200,2
12:01,53,36,3,362,1
12:02,23,57,2,352,8
12:03,63,49,2,92,4
12:04,54,39,2,156,2
12:05,46,37,3,265,1
12:06,8,13,1,266,8
12:07,59,62,1,393,4
12:08,59,49,2,92,2
12:09,51,31,3,297,1
12:10,32,11,1,393,8
12:11,47,36,3,41,2
12:12,73,54,1,252,4
12:13,64,46,3,314,2
12:14,51,31,3,26,1
12:15,77,32,3,290,4
12:16,61,45,1,200,2
12:17,51,36,1,90,1
12:18,72,61,3,54,8
12:19,71,42,1,67,4
12:20,64,45,1,143,2
12:21,50,38,1,183,1
12:22,65,67,2,66,8
12:23,64,59,4,271,4
12:24,63,35,4,295,2
12:25,53,34,2,46,1
12:26,66,43,2,54,8
12:27,68,62,2,388,4
12:28,47,36,2,303,2
12:29,49,38,3,299,1
12:30,91,43,3,227,8
12:31,51,31,3,300,2
12:32,52,49,3,22,4
12:33,54,41,4,212,2
12:34,49,33,3,120,1
12:35,48,69,4,42,4
12:36,50,42,3,141,2
12:37,46,31,1,377,1
12:38,78,24,2,228,8
12:39,50,40,1,189,4
12:40,55,48,4,29,2
12:41,49,31,2,222,1
12:42,83,57,2,265,8
12:43,62,31,3,177,4
12:44,55,48,2,273,2
12:45,52,36,2,303,1
12:46,96,67,4,262,8
12:47,61,36,1,211,4
12:48,55,48,1,158,2
12:49,49,33,2,82,1
12:50,8,19,1,38,8
12:51,50,31,3,19,2
12:52,58,45,2,314,4
12:53,61,32,2,277,2
12:54,46,31,2,148,1
12:55,69,54,3,151,4
12:56,52,41,2,274,2
12:57,52,31,2,242,1
12:58,47,21,4,152,8
12:59,50,64,3,391,4
13:00,53,46,3,358,2
13:01,48,37,2,84,1
13:02,71,61,2,90,8
13:03,53,58,3,312,4
13:04,49,32,2,159,2
13:05,54,34,4,294,1
13:06,53,13,1,227,8
13:07,52,64,4,69,4
13:08,46,36,3,75,2
13:09,46,38,1,255,1
13:10,100,31,2,236,8
13:11,54,31,3,331,2
13:12,53,51,2,128,4
13:13,61,40,3,328,2
13:14,50,39,2,259,1
13:15,51,61,1,259,4
13:16,61,36,3,236,2
13:17,46,39,1,351,1
13:18,76,19,3,63,8
13:19,53,64,4,320,4
13:20,58,33,3,86,2
13:21,54,35,3,311,1
13:22,38,41,2,292,8
13:23,50,50,3,216,4
13:24,53,33,2,190,2
13:25,52,34,3,322,1
13:26,12,68,2,360,8
13:27,75,44,4,74,4
13:28,48,48,2,328,2
13:29,48,34,2,94,1
13:30,79,37,14,440,24
14:00,79,23,4,211,8
14:01,50,48,3,400,2
14:02,65,43,4,115,4
14:03,60,49,3,356,2
14:04,52,39,1,205,1
14:05,78,37,5,106,4
14:06,60,36,2,48,2
14:07,52,31,5,169,1
14:08,99,5,4,79,8
14:09,49,56,4,332,4
14:10,56,37,4,248,2
14:11,46,39,4,16,1
14:12,32,45,3,97,8
14:13,84,54,3,290,4
14:14,54,46,3,215,2
14:15,46,34,7,37,1
14:16,28,69,4,24,8
14:17,51,36,5,265,4
14:18,58,36,2,256,2
14:19,48,34,5,311,1
14:20,54,56,4,136,8
14:21,63,31,4,11,2
14:22,50,53,4,74,4
14:23,53,39,3,35,2
14:24,54,33,2,35,1
14:25,60,44,6,331,4
14:26,58,44,4,397,2
14:27,48,37,6,296,1
14:28,42,69,2,396,8
14:29,61,48,6,315,4
14:30,57,42,4,233,2
14:31,48,31,3,251,1
14:32,1,6,6,355,8
14:33,59,39,6,121,4
14:34,46,34,6,300,2
14:35,54,31,2,94,1
14:36,94,1,6,159,8
14:37,84,49,6,349,4
14:38,53,41,6,169,2
14:39,51,39,6,348,1
14:40,58,3,6,193,8
14:41,61,47,6,274,2
14:42,66,39,3,141,4
14:43,48,45,3,334,2
14:44,47,38,2,72,1
14:45,66,57,3,307,4
14:46,47,47,2,107,2
14:47,48,36,5,28,1
14:48,2,56,3,223,8
14:49,50,52,6,181,4
14:50,47,42,2,383,2
14:51,46,33,5,163,1
14:52,21,26,5,16,8
14:53,63,50,2,23,4
14:54,48,39,6,277,2
14:55,50,39,5,132,1
14:56,22,59,3,295,8
14:57,50,59,5,204,4
14:58,57,44,5,111,2
14:59,46,31,6,285,1
15:00,11,44,6,40,8
15:01,48,48,4,25,2
15:02,64,68,5,1,4
15:03,60,45,4,361,2
15:04,48,37,2,216,1
15:05,78,59,6,88,4
15:06,48,46,5,274,2
15:07,47,35,2,261,1
15:08,56,50,5,362,8
15:09,61,40,15,467,24
16:00,49,42,5,150,4
16:02,61,33,2,345,2
16:04,50,32,4,147,1
16:06,77,57,2,219,4
16:08,53,48,4,102,2
16:10,46,39,4,228,1
16:12,70,18,2,350,8
16:14,68,59,3,345,4
16:16,61,36,6,132,2
16:18,46,37,5,50,1
16:20,93,44,7,236,8
16:22,81,36,6,391,4
16:24,64,32,3,135,2
16:26,54,31,3,259,1
16:28,16,46,1,1,8
16:30,60,64,1,69,4
16:32,49,40,2,293,2
16:34,48,36,2,319,1
16:36,99,20,2,311,8
16:38,60,59,6,346,4
16:40,62,32,1,209,4
16:42,64,49,2,43,2
16:44,48,36,2,1,1
16:46,46,31,6,287,4
16:48,54,45,2,336,2
16:50,48,31,4,328,1
16:52,54,16,5,296,8
16:54,46,66,6,230,4
16:56,63,33,6,276,2
16:58,53,34,3,337,1
17:00,35,45,4,65,8
17:02,47,33,1,90,4
17:04,55,33,2,16,2
17:06,52,31,2,389,1
17:08,64,62,4,390,8
17:10,79,55,5,127,4
17:12,49,49,4,29,2
17:14,54,31,3,364,1
17:16,59,49,2,86,8
17:18,69,55,5,138,4
17:20,55,38,5,172,4
17:22,46,49,2,244,2
17:24,53,37,6,204,1
17:26,49,40,3,264,4
17:28,62,40,4,260,2
17:30,52,37,5,158,1
17:32,34,57,6,153,8
17:34,46,37,5,314,4
17:36,50,31,6,44,2
17:38,52,33,5,154,1
17:40,95,6,2,2,8
17:42,68,54,3,52,4
17:44,61,48,3,292,2
17:46,50,39,2,160,1
17:48,25,72,32,702,24
18:00,58,31,2,178,8
18:02,72,48,6,153,4
18:04,46,34,6,26,2
18:06,48,32,2,20,1
18:08,51,57,5,276,8
18:10,65,69,3,382,4
18:12,76,50,2,141,4
18:14,64,31,6,153,2
18:16,50,31,6,81,1
18:18,71,66,4,50,4
18:20,46,35,2,124,2
18:22,50,38,6,279,1
18:24,19,54,5,147,8
18:26,74,66,3,313,4
18:28,56,46,3,49,2
18:30,51,34,6,53,1
18:32,84,39,5,325,8
18:34,63,31,2,136,4
18:36,59,47,4,96,2
18:38,53,31,4,47,1
18:40,13,35,2,18,8
18:42,59,39,2,341,4
18:44,47,33,2,126,2
18:46,49,32,3,176,1
18:48,95,33,5,91,8
18:50,46,61,2,297,4
18:52,65,52,2,269,4
18:54,48,46,3,69,2
18:56,52,33,6,44,1
18:58,65,54,4,20,4
19:00,59,46,4,108,2
19:02,47,35,1,349,1
19:04,7,38,4,95,8
19:06,59,68,2,193,4
19:08,56,31,6,191,2
19:10,46,36,6,98,1
19:12,82,67,7,154,8
19:14,48,34,5,156,4
19:16,64,40,6,218,2
19:18,49,37,6,261,1
19:20,24,21,2,300,8
19:22,83,69,4,284,4
19:24,50,45,2,217,2
19:26,52,32,3,277,1
19:28,26,17,4,360,8
19:30,46,69,3,299,4
19:32,48,63,2,56,4
19:34,47,39,4,154,2
19:36,46,31,6,317,1
19:38,50,36,4,321,4
19:40,62,32,4,68,2
19:42,50,38,3,105,1
19:44,49,64,5,102,8
19:46,69,55,2,291,4
19:48,101,68,39,622,24
20:00,46,47,5,76,2
20:03,48,31,6,35,1
20:06,73,26,6,394,8
20:09,67,43,5,75,4
20:12,63,40,4,340,2
20:15,54,33,4,297,1
20:18,24,38,4,99,8
20:21,72,45,3,286,4
20:24,53,40,6,154,2
20:27,46,34,5,260,1
20:30,5,31,1,385,8
20:33,47,68,4,368,4
20:36,75,66,4,267,4
20:39,60,42,3,30,2
20:42,48,31,2,274,1
20:45,65,52,5,37,4
20:48,53,47,4,278,2
20:51,47,39,2,378,1
20:54,63,2,3,38,8
20:57,49,52,3,77,4
21:00,51,48,5,311,2
21:03,46,32,6,14,1
21:06,37,69,1,98,8
21:09,59,66,6,66,4
21:12,53,49,6,355,2
21:15,47,32,3,357,1
21:18,33,13,1,262,8
21:21,66,44,2,141,4
21:24,59,39,2,42,2
21:27,50,31,6,2,1
21:30,94,32,2,326,8
21:33,65,31,3,71,4
21:36,19,86,30,613,24
22:00,67,53,1,213,4
22:05,56,41,2,107,2
22:10,52,32,2,113,1
22:15,52,65,2,254,4
22:20,50,46,3,92,2
22:25,46,39,2,200,1
22:30,11,31,3,39,8
22:35,77,58,2,379,4
22:40,46,49,2,24,2
22:45,53,34,3,78,1
22:50,1,68,3,119,8
22:55,76,64,1,17,4
23:00,51,33,3,55,2
23:05,47,38,2,270,1
23:10,33,1,2,143,8
23:15,84,52,3,145,4
23:20,52,31,2,243,2
23:25,46,34,3,9,1
23:30,20,21,3,290,8
23:35,71,35,3,174,4
23:40,59,61,2,68,4
23:45,57,43,2,374,2
23:50,103,22,6,530,24
