00:00,67,79,2,229,8
00:08,63,22,2,306,8
00:16,29,59,2,297,8
00:24,53,51,1,80,4
00:32,20,86,2,170,8
00:40,81,30,2,324,4
00:48,149,84,2,158,8
00:56,86,52,1,120,4
01:04,46,32,2,76,8
01:12,66,46,2,128,2
01:20,86,60,2,173,4
01:28,68,53,2,129,8
01:36,55,39,1,235,1
01:44,59,59,1,271,2
01:52,128,87,7,306,24
02:00,45,41,1,374,4
02:10,9,99,2,219,8
02:21,146,43,1,38,8
02:32,49,40,1,50,2
02:43,7,51,1,378,8
02:54,65,53,2,168,2
03:05,78,11,1,83,8
03:16,15,37,1,299,8
03:27,132,65,1,265,8
03:38,102,80,2,186,4
03:49,49,44,18,112,2
04:00,130,58,2,159,8
04:04,87,31,2,95,4
04:08,134,29,1,255,8
04:12,100,48,2,320,4
04:16,108,77,1,364,8
04:20,69,30,2,184,2
04:24,55,88,2,218,4
04:28,33,33,1,53,8
04:32,54,39,1,3,1
04:36,62,35,2,107,2
04:40,53,57,1,240,4
04:44,75,57,1,200,8
04:48,55,40,2,78,4
04:52,46,37,1,254,4
04:56,51,41,2,249,1
05:00,76,34,1,95,4
05:04,78,17,1,389,8
05:08,14,91,1,17,8
05:12,47,34,1,44,8
05:16,61,48,1,155,4
05:20,100,59,1,312,8
05:24,94,44,2,237,4
05:28,146,14,2,97,8
05:32,85,53,2,246,4
05:36,42,2,2,210,8
05:40,61,52,1,327,2
05:44,98,71,2,378,4
05:48,137,79,1,122,8
05:52,58,38,1,99,1
05:56,68,30,20,262,4
06:00,45,31,1,37,2
06:04,89,30,3,400,4
06:08,58,62,3,278,8
06:13,136,62,1,194,24
06:17,78,47,3,339,4
06:22,59,47,1,31,2
06:26,136,41,4,357,8
06:31,98,99,3,247,8
06:35,20,63,3,342,8
06:39,12,20,4,270,8
06:44,53,76,1,376,4
06:48,6,6,1,221,8
06:53,77,70,1,105,4
06:57,114,35,2,44,8
07:02,89,50,3,377,4
07:06,125,50,1,303,8
07:11,49,57,4,215,2
07:15,61,65,1,112,4
07:19,100,87,4,120,8
07:24,47,31,1,177,1
07:28,67,38,1,275,2
07:33,67,52,1,316,4
07:37,10,91,3,315,8
07:42,111,54,3,178,8
07:46,50,41,2,232,1
07:51,93,65,4,309,24
07:55,59,54,65,30,2
08:00,54,30,1,83,2
08:06,52,40,1,64,1
08:13,68,32,2,171,2
08:20,46,81,2,99,4
08:26,57,42,1,241,1
08:33,60,52,2,236,2
08:40,50,84,2,28,4
08:46,52,36,1,194,1
08:53,51,37,2,181,2
09:00,77,89,1,351,4
09:06,59,38,2,206,8
09:13,59,42,1,258,1
09:20,50,59,2,69,2
09:26,80,30,2,393,4
09:33,37,99,1,137,8
09:40,52,44,2,354,1
09:46,46,33,2,365,2
09:53,49,64,15,52,24
10:00,95,61,2,22,4
10:05,122,26,2,120,8
10:10,63,71,1,331,4
10:15,51,51,1,315,2
10:20,56,43,1,59,1
10:25,57,34,2,70,2
10:30,100,36,1,289,4
10:35,53,39,1,158,1
10:40,72,38,2,166,2
10:45,72,53,1,399,4
10:50,46,37,2,244,1
10:55,62,49,2,157,2
11:00,51,67,2,363,4
11:05,67,35,2,111,8
11:10,46,41,2,4,1
11:15,47,54,2,328,2
11:20,56,46,1,208,4
11:25,74,75,1,222,8
11:30,45,31,2,264,1
11:35,52,39,2,394,2
11:40,79,43,2,292,4
11:45,69,82,1,183,8
11:50,76,13,1,158,24
11:55,148,89,28,360,8
12:00,56,47,2,294,2
12:02,59,37,2,301,1
12:05,55,49,2,334,2
12:08,100,67,2,326,4
12:11,45,40,1,240,1
12:14,64,42,1,1,2
12:17,60,80,1,365,4
12:20,49,33,2,83,1
12:22,65,36,1,257,2
12:25,82,83,1,100,4
12:28,106,42,2,259,8
12:31,51,41,1,319,1
12:34,52,42,1,104,2
12:37,98,48,2,140,4
12:40,139,11,1,282,8
12:42,49,30,2,92,1
12:45,65,31,2,24,2
12:48,82,37,1,234,4
12:51,28,18,1,14,8
12:54,34,69,2,191,8
12:57,59,47,1,306,2
13:00,47,35,1,266,1
13:02,51,41,1,381,2
13:05,95,35,1,94,4
13:08,53,44,2,184,1
13:11,51,33,1,321,2
13:14,70,64,1,28,4
13:17,59,39,1,178,1
13:20,70,30,1,52,2
13:22,56,85,2,279,4
13:25,35,33,2,198,8
13:28,47,36,2,291,1
13:31,57,36,1,2,2
13:34,99,66,1,275,4
13:37,59,1,1,85,8
13:40,49,44,2,24,1
13:42,52,33,1,156,2
13:45,55,31,2,150,4
13:48,48,7,1,48,8
13:51,58,46,1,356,4
13:54,52,43,1,383,2
13:57,10,91,39,367,8
14:00,53,44,2,284,1
14:03,71,59,2,381,2
14:06,78,73,2,117,4
14:09,54,34,2,90,1
14:12,67,56,3,57,2
14:16,57,45,1,110,4
14:19,55,42,1,129,1
14:22,68,30,1,89,2
14:25,60,73,2,84,4
14:29,88,83,2,98,8
14:32,57,37,2,369,1
14:35,68,35,3,64,2
14:38,68,32,3,233,4
14:42,67,8,3,24,8
14:45,52,43,2,233,1
14:48,53,38,1,336,2
14:51,52,51,2,201,4
14:55,46,67,1,122,8
14:58,52,43,2,381,1
15:01,45,53,2,99,2
15:04,50,35,2,263,1
15:08,53,53,3,303,2
15:11,56,67,1,209,4
15:14,46,33,1,169,1
15:17,46,52,3,248,2
15:21,80,56,3,6,4
15:24,46,38,3,358,1
15:27,56,58,3,91,2
15:30,50,67,1,39,4
15:33,14,76,3,169,8
15:37,47,32,2,302,1
15:40,71,45,2,286,2
15:43,68,89,3,109,4
15:46,19,2,3,173,8
15:50,50,40,3,204,1
15:53,55,37,1,325,2
15:56,51,57,55,235,8
16:00,57,33,3,220,1
16:05,48,48,1,259,2
16:10,95,71,4,133,4
16:16,57,43,2,204,1
16:21,61,48,3,123,2
16:27,101,52,1,110,4
16:32,57,44,4,351,1
16:38,65,53,3,203,2
16:43,96,77,4,275,4
16:49,43,74,4,364,8
16:54,53,41,2,56,1
16:59,74,35,4,344,2
17:05,101,49,1,160,4
17:10,15,45,1,154,8
17:16,48,31,2,5,1
17:21,73,57,2,101,2
17:27,58,51,2,382,4
17:32,139,17,2,271,8
17:38,113,86,4,111,24
17:43,69,50,2,38,2
17:48,50,44,1,245,1
17:54,122,95,46,233,24
18:00,47,45,2,36,2
18:02,66,73,1,222,4
18:04,48,35,2,289,1
18:07,51,34,1,341,2
18:09,69,55,1,136,4
18:11,45,37,2,229,1
18:14,51,59,1,234,2
18:16,78,62,2,65,4
18:18,130,59,1,124,8
18:21,54,32,2,323,1
18:23,48,46,1,241,2
18:25,81,48,2,183,4
18:28,19,59,2,65,8
18:30,51,39,2,325,1
18:32,49,59,1,344,2
18:35,75,84,1,392,4
18:37,80,70,2,139,8
18:39,45,55,2,120,2
18:42,47,41,2,16,4
18:44,50,38,2,147,1
18:46,64,40,1,126,2
18:49,104,58,1,90,4
18:51,57,31,2,26,1
18:54,62,52,1,64,2
18:56,70,74,1,386,4
18:58,46,37,2,220,1
19:01,73,58,1,390,2
19:03,72,72,1,334,4
19:05,55,70,2,157,8
19:08,49,36,1,1,1
19:10,61,39,2,281,2
19:12,75,88,1,332,4
19:15,35,63,1,4,8
19:17,55,40,1,390,1
19:19,64,46,2,332,2
19:22,97,45,2,197,4
19:24,59,11,2,192,8
19:26,63,84,2,54,4
19:29,45,40,2,326,2
19:31,55,38,2,182,1
19:33,71,37,1,347,2
19:36,85,65,2,181,4
19:38,50,43,2,93,1
19:41,45,53,2,224,2
19:43,69,39,1,140,4
19:45,58,30,2,183,1
19:48,65,40,1,49,2
19:50,82,70,2,136,4
19:52,80,57,2,385,8
19:55,50,39,2,374,1
19:57,19,15,29,72,8
20:00,50,38,1,395,2
20:06,66,76,2,13,4
20:12,79,44,1,340,8
20:18,49,41,2,298,1
20:24,65,46,3,308,2
20:30,79,49,1,316,4
20:36,42,42,2,74,8
20:42,21,68,3,113,8
20:48,86,55,2,164,8
20:54,47,41,3,77,1
21:00,71,54,2,203,2
21:06,46,33,3,198,4
21:12,49,35,3,103,1
21:18,48,33,3,54,2
21:24,101,74,3,50,4
21:30,59,34,3,207,1
21:36,65,43,2,76,2
21:42,83,88,1,284,4
21:48,38,27,2,176,8
21:54,8,54,24,342,8
22:00,52,37,1,394,1
22:17,71,48,2,27,2
22:34,99,51,2,295,4
22:51,92,48,3,83,8
23:08,45,36,2,366,1
23:25,63,53,2,256,2
23:42,93,1,14,217,8
