00:00,1,6,1,8,8
00:10,140,50,1,368,8
00:21,47,8,2,37,8
00:32,86,70,2,374,4
00:43,93,13,1,314,8
00:54,56,61,2,47,4
01:05,102,92,1,270,8
01:16,101,82,2,97,4
01:27,51,31,2,285,8
01:38,51,56,2,170,2
01:49,62,37,9,339,2
02:00,49,73,1,304,4
02:12,147,27,1,119,8
02:24,57,30,2,202,1
02:36,74,35,2,282,2
02:48,62,43,2,369,4
03:00,31,4,2,190,8
03:12,48,73,2,151,4
03:24,56,37,2,211,1
03:36,47,36,1,173,2
03:48,69,61,10,335,4
04:00,140,46,1,395,24
04:05,81,11,1,378,8
04:10,62,83,2,93,8
04:15,124,19,1,200,8
04:20,54,49,1,298,4
04:25,75,73,1,134,8
04:30,99,56,1,203,4
04:35,100,96,1,175,8
04:40,81,35,2,61,4
04:45,84,98,1,347,8
04:50,59,34,2,297,2
04:55,49,79,2,147,4
05:00,76,58,2,144,8
05:05,49,32,1,333,1
05:10,64,36,1,257,2
05:15,85,30,1,293,4
05:20,126,21,2,70,8
05:25,75,74,2,237,8
05:30,99,69,2,53,24
05:35,45,41,1,357,1
05:40,72,45,2,140,2
05:45,139,66,2,28,8
05:50,1,19,2,22,8
05:55,59,44,17,398,1
06:00,147,55,2,234,8
06:02,82,84,1,317,4
06:05,71,57,2,171,8
06:08,80,39,1,397,4
06:10,87,57,1,371,8
06:13,64,70,1,299,4
06:16,20,66,2,285,8
06:19,52,51,1,344,2
06:21,84,56,1,329,4
06:24,11,40,1,114,8
06:27,48,30,1,184,1
06:30,70,39,2,239,2
06:32,84,80,2,286,4
06:35,60,42,1,129,8
06:38,51,51,2,4,2
06:40,1,81,1,391,24
06:43,53,43,1,339,1
06:46,16,58,1,366,24
06:49,53,52,1,213,8
06:51,104,2,1,274,8
06:54,131,63,2,273,8
06:57,82,32,1,135,4
07:00,25,43,2,338,8
07:02,104,52,2,81,4
07:05,97,31,1,335,8
07:08,78,69,1,127,4
07:10,64,1,2,197,8
07:13,49,47,2,309,2
07:16,83,89,1,212,4
07:19,139,72,2,277,8
07:21,50,38,2,322,1
07:24,54,50,2,394,2
07:27,103,40,1,370,4
07:30,101,91,2,356,8
07:32,47,32,1,123,1
07:35,59,30,1,272,2
07:38,79,19,2,51,8
07:41,124,76,1,297,8
07:43,56,59,2,9,8
07:46,28,22,2,128,8
07:49,36,9,2,318,8
07:51,46,50,1,9,4
07:54,29,41,1,162,8
07:57,74,56,42,269,2
08:00,67,36,2,390,2
08:08,51,42,1,307,1
08:17,66,44,2,253,2
08:25,101,85,1,353,4
08:34,58,42,2,48,1
08:42,68,32,1,253,2
08:51,91,32,1,58,4
08:59,49,38,1,2,1
09:08,63,45,1,238,2
09:17,100,44,1,10,4
09:25,102,31,2,338,8
09:34,51,31,1,246,1
09:42,68,46,2,6,2
09:51,52,32,16,278,1
10:00,59,63,2,323,4
10:06,97,81,2,188,8
10:12,54,38,2,234,1
10:18,69,35,2,363,2
10:24,70,62,2,33,4
10:30,47,71,1,60,8
10:36,138,4,2,156,8
10:42,72,53,1,219,2
10:48,47,34,1,234,1
10:54,54,49,1,76,2
11:00,76,60,1,110,4
11:06,46,31,1,103,1
11:12,60,36,2,224,2
11:18,86,58,2,50,4
11:24,57,39,1,86,1
11:30,48,41,1,313,2
11:36,76,53,1,124,4
11:42,103,54,1,256,8
11:48,49,41,1,308,1
11:54,60,45,24,227,2
12:00,70,31,2,207,2
12:03,79,76,2,94,4
12:07,114,3,1,10,8
12:10,47,32,1,257,1
12:14,68,42,2,61,2
12:17,77,52,1,77,4
12:21,21,61,1,137,8
12:24,41,66,1,360,24
12:28,67,51,2,330,2
12:31,53,41,1,151,1
12:35,57,50,2,13,2
12:38,61,43,2,364,4
12:42,46,42,1,397,1
12:45,58,48,1,50,2
12:49,93,45,2,210,4
12:52,54,44,2,87,1
12:56,66,56,2,236,2
13:00,81,60,1,138,4
13:03,53,85,1,287,8
13:07,46,36,2,323,1
13:10,55,44,1,113,2
13:14,49,81,1,50,4
13:17,137,82,2,241,8
13:21,45,42,2,118,1
13:24,51,46,1,158,2
13:28,95,63,2,237,4
13:31,77,63,1,207,8
13:35,87,41,2,57,4
13:38,70,57,2,247,2
13:42,58,32,2,100,1
13:45,58,33,1,328,2
13:49,48,47,2,176,4
13:52,48,30,2,350,1
13:56,72,89,26,65,24
14:00,54,32,1,331,2
14:03,75,37,2,257,4
14:06,47,36,2,375,1
14:09,45,58,2,25,2
14:12,82,60,1,224,4
14:15,1,69,1,123,8
14:18,46,43,1,253,1
14:21,64,34,1,303,2
14:24,53,75,2,17,4
14:27,18,54,1,152,8
14:30,49,35,2,78,1
14:33,66,37,1,389,2
14:36,77,51,1,205,4
14:39,70,62,2,139,8
14:42,47,41,1,157,1
14:45,68,33,1,47,2
14:48,58,30,2,184,1
14:51,70,48,1,118,2
14:54,85,31,2,82,4
14:57,48,32,2,110,1
15:00,47,40,1,132,2
15:03,55,76,1,47,4
15:06,56,30,2,33,1
15:09,74,34,2,250,2
15:12,72,77,1,51,4
15:15,87,46,1,21,8
15:18,57,38,1,123,1
15:21,69,35,1,374,2
15:24,81,48,2,203,4
15:27,52,75,2,335,8
15:30,55,37,1,269,1
15:33,61,36,2,62,2
15:36,85,72,1,107,4
15:39,132,95,1,345,8
15:42,73,73,1,135,8
15:45,48,34,2,32,2
15:48,51,41,1,287,1
15:51,53,48,1,340,2
15:54,90,35,1,49,4
15:57,60,48,51,151,8
16:00,52,31,1,347,1
16:04,68,49,1,41,2
16:08,48,50,3,242,4
16:13,55,42,1,240,1
16:17,46,44,2,321,2
16:22,80,69,3,396,4
16:26,46,37,2,275,1
16:31,72,44,1,395,2
16:35,59,47,2,184,4
16:39,106,82,1,140,8
16:44,51,43,2,99,1
16:48,50,38,3,72,2
16:53,66,46,1,87,4
16:57,82,84,3,332,8
17:02,54,38,1,116,1
17:06,52,46,1,212,2
17:11,49,64,3,132,4
17:15,109,56,2,255,8
17:19,48,55,2,27,4
17:24,51,41,2,42,1
17:28,55,39,1,361,1
17:33,48,46,1,122,2
17:37,53,47,2,126,4
17:42,47,31,3,221,1
17:46,72,48,3,283,2
17:51,73,70,1,125,4
17:55,49,53,32,109,2
18:00,57,31,1,212,1
18:02,48,30,1,336,2
18:05,79,67,1,305,4
18:07,122,92,1,62,8
18:10,51,44,1,45,1
18:12,64,46,1,366,2
18:15,91,46,1,380,4
18:17,19,5,1,121,8
18:20,46,39,1,204,1
18:22,48,43,1,140,2
18:25,67,71,1,200,4
18:28,125,25,1,354,8
18:30,18,27,1,139,24
18:33,7,13,1,69,24
18:35,50,41,1,3,1
18:38,71,43,1,390,2
18:40,57,33,1,374,4
18:43,57,35,1,123,1
18:45,49,56,1,135,2
18:48,85,70,1,58,4
18:50,45,42,1,326,1
18:53,66,39,1,126,2
18:56,75,85,1,145,4
18:58,46,17,1,308,8
19:01,57,32,1,166,1
19:03,60,42,1,179,2
19:06,99,34,1,98,4
19:08,22,5,1,345,8
19:11,52,42,1,27,1
19:13,58,34,1,30,2
19:16,51,66,1,221,4
19:19,54,79,1,6,8
19:21,116,20,1,4,24
19:24,73,34,1,357,4
19:26,55,32,1,63,1
19:29,53,38,1,37,2
19:31,60,31,1,58,4
19:34,47,34,1,150,1
19:36,67,42,1,34,2
19:39,102,34,1,383,4
19:41,55,38,1,198,1
19:44,56,34,1,311,2
19:47,64,63,1,83,4
19:49,28,77,1,263,8
19:52,48,39,1,120,1
19:54,61,46,1,310,2
19:57,91,66,42,14,4
20:00,83,63,1,171,4
20:05,115,70,1,86,8
20:10,53,38,2,273,1
20:16,60,55,2,183,2
20:21,94,62,2,279,4
20:27,82,61,2,133,8
20:32,45,55,2,248,2
20:38,76,56,1,302,4
20:43,54,36,1,9,1
20:49,67,30,2,132,2
20:54,72,56,1,133,4
20:59,55,36,2,157,1
21:05,61,36,1,283,2
21:10,50,58,2,8,4
21:16,45,42,1,167,1
21:21,53,54,2,386,2
21:27,65,61,1,125,4
21:32,6,1,1,9,8
21:38,49,35,1,242,1
21:43,48,55,1,234,2
21:48,71,72,2,339,4
21:54,22,31,23,205,24
22:00,112,61,2,29,8
22:17,47,35,2,28,1
22:34,72,39,3,14,2
22:51,92,62,3,221,4
23:08,38,95,3,209,8
23:25,68,30,2,38,2
23:42,81,29,7,233,8
