00:00,74,47,2,14,8
00:10,146,98,4,110,8
00:20,57,54,1,281,8
00:30,93,74,4,97,4
00:40,87,72,4,182,8
00:50,66,46,2,363,4
01:00,57,32,4,325,8
01:10,68,71,4,7,4
01:20,50,3,4,52,8
01:30,57,33,4,192,2
01:40,72,86,2,175,4
01:50,50,41,18,43,24
02:00,57,21,2,246,8
02:07,52,36,3,1,1
02:14,61,39,3,225,2
02:21,101,67,3,155,4
02:28,70,50,2,83,8
02:35,73,40,2,308,2
02:42,48,34,3,400,24
02:49,49,45,3,289,2
02:56,134,6,1,34,24
03:03,117,91,1,70,8
03:10,98,52,1,231,8
03:17,126,43,2,225,8
03:24,101,62,2,370,4
03:31,81,82,3,378,8
03:38,63,72,3,265,4
03:45,117,6,2,32,8
03:52,92,12,17,343,24
04:00,73,55,2,20,4
04:02,25,26,1,84,8
04:05,54,51,2,34,2
04:08,61,67,1,142,4
04:10,88,40,2,33,8
04:13,51,35,2,308,1
04:16,70,47,1,116,2
04:19,61,41,1,127,4
04:21,26,62,2,140,8
04:24,71,37,2,2,2
04:27,53,44,1,267,2
04:30,82,86,1,47,4
04:32,54,87,2,398,8
04:35,119,80,2,202,8
04:38,24,56,1,114,8
04:40,130,69,1,208,8
04:43,92,50,1,371,4
04:46,53,93,1,391,8
04:49,92,80,1,51,4
04:51,12,34,2,39,8
04:54,87,85,1,302,4
04:57,16,28,2,151,8
05:00,64,31,1,293,2
05:02,67,59,2,390,4
05:05,2,54,1,308,8
05:08,50,32,1,114,1
05:10,46,47,1,264,2
05:13,51,60,2,55,4
05:16,86,41,2,135,8
05:19,125,76,2,233,24
05:21,53,43,1,288,2
05:24,38,72,2,242,8
05:27,68,43,2,88,2
05:30,80,4,2,4,8
05:32,42,25,2,379,8
05:35,107,43,2,207,8
05:38,90,39,2,8,4
05:41,3,27,2,16,8
05:43,67,61,2,155,4
05:46,13,41,2,28,8
05:49,69,80,1,164,4
05:51,96,68,2,3,8
05:54,57,52,1,392,2
05:57,66,44,39,278,2
06:00,67,60,1,16,4
06:01,93,64,2,137,8
06:03,59,44,1,331,1
06:04,58,53,1,291,2
06:06,60,35,2,59,4
06:07,121,58,2,299,8
06:09,63,55,2,21,2
06:10,84,59,2,2,4
06:12,49,34,2,340,1
06:13,54,32,2,12,1
06:15,100,41,1,356,8
06:16,46,55,1,188,8
06:18,54,26,2,291,8
06:19,100,56,1,227,4
06:21,101,43,2,134,8
06:22,61,71,2,311,4
06:24,24,21,1,8,8
06:25,66,33,1,20,4
06:27,10,3,2,184,8
06:28,61,55,1,337,2
06:30,76,79,2,383,4
06:31,41,19,2,118,8
06:33,58,38,1,213,1
06:34,69,55,2,228,2
06:36,89,64,1,292,4
06:37,41,63,1,391,8
06:39,59,36,1,234,1
06:40,25,8,2,255,24
06:42,56,48,1,321,2
06:43,71,73,1,11,8
06:45,58,46,1,148,8
06:46,92,52,1,390,8
06:48,38,53,1,288,8
06:49,46,52,2,180,4
06:51,138,64,1,377,8
06:52,85,64,1,82,4
06:54,145,21,2,157,8
06:55,93,77,1,19,4
06:57,62,43,2,371,8
06:58,72,38,1,275,2
07:00,90,87,2,66,4
07:01,34,81,2,368,8
07:03,47,39,2,313,1
07:04,70,57,2,140,2
07:06,56,50,1,58,4
07:07,47,41,2,394,8
07:09,41,42,1,218,24
07:10,88,34,2,366,4
07:12,83,50,2,3,24
07:13,98,57,2,326,8
07:15,126,81,2,314,8
07:16,140,73,2,335,8
07:18,124,51,2,302,8
07:19,71,49,1,299,4
07:21,48,3,2,328,8
07:22,96,68,1,223,4
07:24,77,93,1,18,8
07:25,77,30,2,268,4
07:27,97,51,1,308,8
07:28,49,40,2,324,2
07:30,80,60,2,232,4
07:31,141,56,2,139,8
07:33,49,38,2,256,1
07:34,58,38,2,7,2
07:36,94,41,1,381,4
07:37,39,25,1,179,8
07:39,77,65,1,59,4
07:40,138,68,2,233,8
07:42,54,40,1,160,1
07:43,68,39,2,129,2
07:45,91,87,2,6,8
07:46,96,76,2,94,8
07:48,128,27,1,300,8
07:49,47,58,2,167,4
07:51,122,88,2,91,8
07:52,98,38,1,106,4
07:54,44,88,1,235,8
07:55,52,64,1,43,4
07:57,109,14,1,217,8
07:58,58,33,91,400,1
08:00,52,46,2,300,2
08:05,55,43,1,398,1
08:10,58,35,3,247,2
08:16,53,89,1,263,4
08:21,57,40,3,70,1
08:27,64,34,3,140,2
08:32,93,86,1,249,4
08:38,51,37,2,94,1
08:43,73,50,1,152,2
08:49,70,86,1,220,4
08:54,98,98,1,288,8
08:59,49,34,1,192,1
09:05,56,54,3,112,2
09:10,96,78,2,45,4
09:16,1,75,2,369,8
09:21,46,39,1,41,1
09:27,47,50,2,163,2
09:32,55,88,3,295,4
09:38,108,56,3,270,8
09:43,39,74,3,295,8
09:48,59,46,2,192,2
09:54,14,15,29,109,8
10:00,53,42,1,28,1
10:02,51,33,2,261,2
10:05,84,45,2,73,4
10:08,48,38,1,201,1
10:11,52,52,2,9,2
10:14,59,84,2,325,4
10:17,52,40,1,282,1
10:20,61,58,2,342,2
10:23,45,82,1,190,4
10:26,27,59,2,51,8
10:29,59,32,1,14,1
10:32,49,58,1,271,2
10:35,63,65,1,87,4
10:38,11,40,1,246,8
10:41,51,38,2,60,1
10:43,63,54,2,10,2
10:46,52,64,2,377,4
10:49,46,5,2,266,8
10:52,48,44,1,378,2
10:55,69,44,1,267,2
10:58,53,39,1,168,1
11:01,59,42,2,340,2
11:04,100,72,2,30,4
11:07,46,37,1,134,1
11:10,62,57,1,272,2
11:13,48,75,1,197,4
11:16,55,39,2,55,1
11:19,64,51,2,197,2
11:22,80,53,1,117,4
11:24,52,96,2,324,8
11:27,47,43,1,200,1
11:30,65,49,1,338,2
11:33,88,87,1,59,4
11:36,144,58,2,292,8
11:39,50,34,2,154,1
11:42,62,36,1,16,2
11:45,67,46,2,325,4
11:48,46,44,2,342,8
11:51,12,24,2,3,24
11:54,54,59,2,173,2
11:57,78,79,45,146,4
12:00,55,35,1,306,1
12:02,61,43,1,339,2
12:04,85,38,2,323,4
12:06,57,41,2,299,1
12:08,66,38,1,179,2
12:10,104,46,1,221,4
12:12,48,37,1,345,1
12:14,58,53,2,198,2
12:17,56,31,1,193,4
12:19,9,83,1,75,8
12:21,56,35,2,265,1
12:23,71,30,1,364,2
12:25,77,55,1,159,4
12:27,96,59,2,151,8
12:29,45,43,1,333,1
12:32,68,57,2,271,2
12:34,95,51,1,189,4
12:36,17,82,2,97,8
12:38,133,75,2,174,24
12:40,46,31,1,159,2
12:42,52,38,2,28,1
12:44,53,53,1,155,2
12:47,77,73,1,95,4
12:49,48,32,2,108,1
12:51,57,31,2,137,2
12:53,71,52,1,150,4
12:55,58,33,2,299,1
12:57,52,52,1,55,2
12:59,98,86,1,230,4
13:02,41,57,1,305,8
13:04,48,41,2,207,1
13:06,46,59,2,395,2
13:08,48,56,2,284,4
13:10,26,45,2,302,8
13:12,55,43,1,349,1
13:14,50,48,1,283,2
13:17,51,74,1,158,4
13:19,102,22,1,62,8
13:21,49,34,2,299,1
13:23,65,51,2,305,2
13:25,47,30,1,88,1
13:27,51,45,2,63,2
13:29,51,88,2,244,4
13:32,47,40,1,35,1
13:34,70,57,1,380,2
13:36,90,63,1,211,4
13:38,49,43,2,398,1
13:40,71,45,2,386,2
13:42,94,76,1,162,4
13:44,36,95,2,390,8
13:47,46,32,1,227,1
13:49,50,59,1,377,2
13:51,60,62,2,85,4
13:53,18,8,1,281,8
13:55,47,35,2,322,1
13:57,51,45,79,377,2
14:00,50,51,2,262,2
14:01,82,42,1,349,4
14:03,27,49,2,105,8
14:04,91,82,1,265,24
14:06,54,45,1,202,2
14:07,46,40,1,99,1
14:09,45,31,2,142,2
14:11,72,37,2,238,4
14:12,56,38,2,289,1
14:14,74,33,2,5,2
14:15,101,49,2,214,4
14:17,58,42,1,256,1
14:18,65,40,2,99,2
14:20,84,75,2,70,4
14:22,19,54,1,61,8
14:23,49,43,2,310,1
14:25,65,35,2,328,2
14:26,75,62,2,200,4
14:28,48,86,1,397,8
14:30,56,38,2,287,1
14:31,61,54,1,392,2
14:33,95,77,2,359,4
14:34,74,41,1,117,8
14:36,76,55,2,109,4
14:37,74,43,2,84,2
14:39,54,34,2,101,1
14:41,45,52,2,67,2
14:42,61,54,1,392,4
14:44,51,41,1,128,1
14:45,64,35,2,193,2
14:47,64,63,1,83,4
14:48,54,30,2,256,1
14:50,53,50,2,207,2
14:52,49,41,2,118,4
14:53,19,15,1,282,8
14:55,50,40,1,245,1
14:56,47,33,2,72,2
14:58,93,77,1,75,4
15:00,60,3,2,321,8
15:01,52,30,1,119,1
15:03,65,58,1,83,2
15:04,45,74,1,192,4
15:06,69,47,2,1,8
15:07,114,45,1,215,8
15:09,67,38,2,332,2
15:11,53,30,2,61,1
15:12,45,34,2,381,2
15:14,62,84,1,64,4
15:15,59,32,2,187,1
15:17,63,40,1,357,2
15:19,65,57,1,313,4
15:20,45,36,1,255,1
15:22,73,41,1,227,2
15:23,59,64,2,229,4
15:25,89,19,1,249,8
15:26,51,35,2,198,1
15:28,55,40,2,175,2
15:30,84,89,1,321,4
15:31,87,72,2,202,8
15:33,49,38,2,389,1
15:34,63,51,1,201,2
15:36,86,87,1,47,4
15:37,36,41,1,366,8
15:39,18,79,1,212,8
15:41,69,46,1,151,2
15:42,51,35,1,15,1
15:44,49,35,1,235,2
15:45,84,53,2,130,4
15:47,51,35,1,128,1
15:49,65,38,2,390,2
15:50,45,53,1,85,4
15:52,49,42,2,279,1
15:53,57,59,2,211,2
15:55,99,89,2,179,4
15:56,123,86,1,379,8
15:58,47,41,101,31,2
16:00,59,32,3,148,1
16:03,62,37,1,81,2
16:07,79,88,4,37,4
16:10,51,36,3,258,1
16:14,67,48,2,104,2
16:17,92,89,4,228,4
16:21,58,37,4,211,1
16:24,52,54,2,262,2
16:28,67,31,4,121,4
16:31,147,69,2,308,8
16:35,51,36,3,153,1
16:38,51,36,4,258,2
16:42,59,89,4,284,4
16:45,128,33,4,11,8
16:49,46,34,1,25,1
16:52,58,41,4,31,2
16:56,54,43,2,65,4
17:00,58,67,2,203,8
17:03,92,67,2,117,4
17:07,57,51,2,103,24
17:10,58,38,2,372,1
17:14,58,39,2,271,2
17:17,98,34,3,1,4
17:21,45,42,4,6,1
17:24,63,41,1,276,2
17:28,104,55,1,305,4
17:31,58,32,2,5,1
17:35,71,47,2,359,2
17:38,95,58,2,258,4
17:42,64,53,2,59,8
17:45,53,39,4,226,1
17:49,47,36,4,70,2
17:52,45,80,2,257,4
17:56,53,55,72,74,2
18:00,3,6,2,249,8
18:02,53,43,4,207,1
18:05,62,33,3,313,2
18:08,90,85,2,281,4
18:11,84,31,4,246,8
18:14,70,33,3,77,4
18:17,64,43,3,312,4
18:20,52,43,4,150,1
18:23,57,47,2,116,2
18:26,78,66,2,344,4
18:29,54,40,1,131,1
18:32,49,31,2,165,2
18:35,77,44,1,331,4
18:38,48,44,4,217,1
18:41,60,48,4,207,2
18:43,61,31,4,94,4
18:46,146,44,3,312,8
18:49,49,34,4,11,1
18:52,49,32,3,141,2
18:55,102,31,1,205,4
18:58,47,92,2,36,8
19:01,57,30,1,293,1
19:04,61,30,3,270,2
19:07,82,74,1,308,4
19:10,140,77,4,375,8
19:13,59,34,4,32,2
19:16,53,39,4,297,1
19:19,55,40,4,241,1
19:22,72,58,2,1,2
19:24,66,32,4,117,4
19:27,47,42,1,348,1
19:30,45,53,2,187,2
19:33,92,46,2,17,4
19:36,50,34,3,294,1
19:39,50,52,4,53,2
19:42,94,79,2,74,4
19:45,17,93,2,292,8
19:48,50,37,4,13,1
19:51,65,47,2,103,2
19:54,103,87,1,113,4
19:57,101,29,68,206,8
20:00,67,68,2,380,8
20:04,52,30,2,384,1
20:08,54,38,1,80,2
20:12,66,42,1,308,4
20:16,62,16,1,186,8
20:20,74,66,3,286,24
20:24,67,47,1,225,2
20:28,45,39,3,4,1
20:33,46,49,2,272,2
20:37,68,78,1,181,4
20:41,57,35,1,160,1
20:45,62,57,2,169,2
20:49,92,79,1,318,4
20:53,54,35,3,372,1
20:57,69,45,3,149,2
21:02,59,69,3,176,4
21:06,105,79,2,354,8
21:10,52,34,1,194,1
21:14,54,31,2,317,2
21:18,88,74,1,305,4
21:22,83,76,1,266,8
21:26,46,36,1,52,1
21:31,73,32,2,29,2
21:35,89,65,2,337,4
21:39,12,87,3,61,8
21:43,67,46,3,222,24
21:47,19,11,2,79,8
21:51,49,37,1,184,1
21:55,60,43,57,21,2
22:00,63,31,1,69,2
22:05,97,67,1,4,4
22:10,58,38,1,177,1
22:16,72,39,1,15,2
22:21,63,77,1,200,4
22:27,47,41,1,280,1
22:32,74,37,1,180,2
22:38,50,55,1,57,4
22:43,106,24,1,235,8
22:49,57,33,1,190,1
22:54,62,32,1,292,2
22:59,95,57,1,311,4
23:05,76,19,1,35,8
23:10,50,35,1,30,1
23:16,49,47,1,368,2
23:21,50,86,1,46,4
23:27,71,95,1,7,8
23:32,78,67,1,373,4
23:38,51,32,1,270,1
23:43,49,44,1,109,1
23:48,70,47,1,136,2
23:54,58,30,21,319,1
