00:00,112,17,3,131,8
00:24,64,24,3,191,8
00:48,83,25,2,316,8
01:12,82,37,2,220,4
01:36,45,43,7,63,1
02:00,140,19,1,399,8
02:20,47,75,1,333,4
02:40,130,10,2,218,8
03:00,64,67,1,363,4
03:20,24,82,1,273,8
03:40,115,26,11,172,8
04:00,61,35,1,246,2
04:08,63,34,2,364,4
04:16,14,44,1,93,8
04:24,58,39,2,204,1
04:32,69,37,2,198,2
04:40,71,62,1,398,4
04:48,65,63,1,98,8
04:56,49,41,1,71,1
05:04,61,40,2,106,2
05:12,63,72,2,336,4
05:20,64,52,2,200,8
05:28,62,15,2,247,8
05:36,120,61,1,209,8
05:44,2,59,2,270,8
05:52,53,35,12,124,1
06:00,61,53,1,285,4
06:03,87,18,2,362,8
06:07,50,61,2,76,4
06:11,16,70,1,91,8
06:15,58,52,1,64,4
06:18,61,41,2,201,8
06:22,72,38,2,379,2
06:26,71,54,1,124,4
06:30,61,3,1,250,8
06:33,59,31,2,11,1
06:37,63,39,2,50,2
06:41,80,65,1,148,4
06:45,2,95,1,7,8
06:48,50,55,1,222,4
06:52,16,43,2,64,24
06:56,47,33,1,96,4
07:00,57,70,1,277,8
07:03,32,78,1,51,8
07:07,56,17,1,341,8
07:11,18,6,1,398,8
07:15,69,86,1,217,4
07:18,17,22,2,125,8
07:22,75,72,2,77,4
07:26,30,1,1,39,8
07:30,58,73,2,46,4
07:33,27,24,2,371,8
07:37,54,38,1,236,2
07:41,78,64,1,270,4
07:45,22,19,1,205,8
07:48,45,41,2,146,1
07:52,74,50,1,220,2
07:56,53,34,26,382,1
08:00,52,53,1,177,2
08:10,53,39,1,154,1
08:20,59,50,1,342,2
08:30,87,56,1,101,4
08:40,59,39,1,75,1
08:50,72,40,1,156,2
09:00,45,44,1,225,4
09:10,57,37,1,86,1
09:20,58,46,1,23,2
09:30,89,75,1,313,4
09:40,5,8,1,237,8
09:50,101,48,12,107,4
10:00,56,32,1,60,1
10:12,61,37,3,378,2
10:24,71,53,1,273,4
10:36,44,16,3,371,8
10:48,52,42,1,214,1
11:00,62,52,2,205,2
11:12,67,84,3,20,4
11:24,62,51,3,148,8
11:36,47,49,2,400,8
11:48,9,78,16,394,24
12:00,58,40,2,261,2
12:05,57,40,2,21,1
12:10,70,37,2,272,2
12:16,76,64,2,332,4
12:21,47,44,1,76,1
12:27,66,33,1,70,2
12:32,64,66,2,313,4
12:38,45,31,1,221,1
12:43,62,46,1,322,2
12:49,55,57,2,362,4
12:54,121,19,1,340,8
12:59,50,38,1,270,1
13:05,48,58,2,61,2
13:10,99,85,1,280,4
13:16,61,97,1,1,8
13:21,53,32,2,357,1
13:27,50,48,2,188,2
13:32,53,37,1,119,4
13:38,147,15,2,336,8
13:43,49,33,2,229,4
13:48,48,55,1,258,2
13:54,71,58,20,243,2
14:00,49,34,1,242,1
14:03,55,38,1,278,2
14:06,73,72,1,343,4
14:09,50,39,1,98,1
14:12,51,48,1,378,2
14:16,55,39,1,380,4
14:19,59,39,1,117,1
14:22,46,47,1,389,2
14:25,66,66,1,282,4
14:29,110,28,1,207,8
14:32,56,36,1,229,1
14:35,71,52,1,320,2
14:38,48,75,1,398,4
14:42,71,50,1,251,8
14:45,48,30,1,7,1
14:48,69,59,1,330,2
14:51,50,56,1,222,4
14:55,78,32,1,88,8
14:58,78,11,1,143,8
15:01,72,56,1,166,2
15:04,48,35,1,40,1
15:08,68,42,1,151,2
15:11,76,88,1,123,4
15:14,53,32,1,309,1
15:17,73,35,1,120,2
15:21,60,38,1,154,4
15:24,55,44,1,18,1
15:27,51,35,1,264,2
15:30,66,60,1,326,4
15:33,61,71,1,360,8
15:37,47,32,1,279,1
15:40,70,43,1,251,2
15:43,78,42,1,58,4
15:46,39,59,1,264,8
15:50,46,39,1,275,1
15:53,53,43,1,40,2
15:56,62,47,36,359,2
16:00,51,30,1,92,1
16:05,73,38,2,92,2
16:10,84,74,1,218,4
16:16,45,40,1,305,1
16:21,52,36,1,64,2
16:27,91,72,1,292,4
16:32,54,30,1,118,1
16:38,72,56,1,175,2
16:43,68,31,1,144,4
16:49,40,44,1,126,8
16:54,48,32,1,246,1
16:59,59,53,2,1,2
17:05,86,73,1,224,4
17:10,123,63,1,252,8
17:16,59,43,1,184,1
17:21,71,45,1,184,2
17:27,45,81,2,311,4
17:32,36,56,1,364,8
17:38,78,49,2,84,4
17:43,50,37,1,257,1
17:48,55,35,1,32,1
17:54,55,30,30,346,1
18:00,62,40,1,208,2
18:03,53,78,1,354,4
18:07,59,34,1,76,1
18:10,47,34,1,345,2
18:14,99,89,1,219,4
18:18,50,34,1,199,1
18:21,54,40,1,32,2
18:25,48,79,1,39,4
18:29,68,99,1,56,8
18:32,55,39,1,304,1
18:36,50,33,1,141,2
18:40,59,77,1,233,4
18:43,142,76,1,33,8
18:47,59,32,1,192,1
18:50,54,59,1,97,2
18:54,82,56,1,124,4
18:58,35,97,1,132,8
19:01,71,12,1,304,8
19:05,48,38,1,45,1
19:09,49,37,1,117,1
19:12,46,48,1,119,2
19:16,51,33,1,250,4
19:20,46,39,1,344,1
19:23,52,55,1,108,2
19:27,71,69,1,394,4
19:31,49,35,1,147,1
19:34,45,55,1,141,2
19:38,51,73,1,349,4
19:41,141,23,1,146,8
19:45,49,35,1,104,1
19:49,72,59,1,32,2
19:52,92,44,1,397,4
19:56,106,54,29,202,24
20:00,39,81,1,356,8
20:06,56,37,1,252,1
20:12,73,38,1,314,2
20:18,86,61,1,51,4
20:24,14,11,1,301,8
20:30,46,31,1,371,1
20:36,54,57,1,226,2
20:42,56,32,1,391,1
20:48,45,41,1,353,2
20:54,94,83,1,301,4
21:00,54,32,1,225,1
21:06,55,35,1,275,2
21:12,79,46,1,48,4
21:18,49,38,1,390,1
21:24,45,49,1,245,2
21:30,73,77,1,148,4
21:36,136,64,1,381,8
21:42,57,37,1,331,1
21:48,48,31,1,187,2
21:54,99,59,19,79,8
22:00,84,31,1,102,4
22:15,24,9,1,110,8
22:30,57,43,1,372,1
22:45,68,52,1,36,2
23:00,97,89,1,143,4
23:15,79,77,1,201,8
23:30,80,12,1,281,24
23:45,60,53,8,317,2
