00:00,46,49,3,238,8
00:08,23,6,2,370,8
00:16,62,71,1,303,8
00:24,83,64,3,312,4
00:32,51,56,1,313,8
00:40,46,59,1,379,4
00:48,141,73,3,310,8
00:56,75,37,1,175,4
01:04,121,17,1,58,8
01:12,48,55,3,1,2
01:20,60,64,3,99,4
01:28,50,96,3,5,8
01:36,47,40,2,245,1
01:44,50,33,2,165,2
01:52,127,56,16,362,24
02:00,63,84,1,143,4
02:05,132,33,1,209,8
02:10,54,32,1,49,1
02:15,36,16,1,95,24
02:20,59,69,1,261,4
02:25,51,36,1,117,1
02:30,6,53,1,359,8
02:35,105,95,1,7,8
02:40,88,59,1,196,8
02:45,96,58,1,26,4
02:50,27,15,1,232,8
02:55,87,53,1,344,4
03:00,130,68,1,355,8
03:05,92,49,1,146,4
03:10,99,29,1,67,8
03:15,54,32,1,114,2
03:20,73,52,1,202,4
03:25,95,87,1,153,8
03:30,45,34,1,292,1
03:35,61,32,1,296,2
03:40,66,88,1,292,4
03:45,104,94,1,253,8
03:50,69,50,1,384,2
03:55,58,84,22,157,4
04:00,61,37,1,84,2
04:03,65,40,2,338,8
04:07,56,34,1,355,1
04:10,24,7,2,22,8
04:14,27,21,2,96,8
04:18,51,52,2,262,8
04:21,51,56,2,262,4
04:25,10,78,1,168,8
04:29,72,67,1,106,4
04:32,60,31,2,99,8
04:36,66,39,1,194,4
04:40,88,80,1,118,8
04:43,66,41,2,287,2
04:47,92,66,2,45,4
04:50,17,42,1,338,8
04:54,50,39,1,323,1
04:58,57,45,1,220,2
05:01,96,81,2,308,4
05:05,14,93,2,210,8
05:09,123,18,2,380,8
05:12,57,69,1,116,24
05:16,52,39,2,186,1
05:20,42,93,2,88,24
05:23,67,75,1,93,8
05:27,131,66,2,151,8
05:31,93,54,1,222,8
05:34,67,68,1,275,4
05:38,1,48,1,396,8
05:41,84,80,2,390,4
05:45,26,91,1,148,8
05:49,85,88,1,136,4
05:52,88,84,2,174,8
05:56,64,30,43,357,2
06:00,60,35,2,57,2
06:01,98,42,1,11,4
06:03,130,93,2,329,8
06:05,54,35,1,374,1
06:07,53,34,2,135,2
06:09,48,46,1,365,4
06:11,116,65,2,170,8
06:13,59,43,1,65,1
06:15,62,66,1,230,24
06:17,55,54,1,256,2
06:18,99,82,2,178,24
06:20,133,22,1,161,8
06:22,12,69,2,382,8
06:24,38,21,2,280,8
06:26,77,77,1,142,4
06:28,62,1,2,368,8
06:30,95,35,2,377,4
06:32,81,5,2,76,8
06:34,88,87,1,135,4
06:36,38,42,2,23,8
06:37,74,56,1,19,2
06:39,95,59,1,228,4
06:41,18,3,1,230,8
06:43,59,32,1,267,1
06:45,49,54,1,26,2
06:47,53,82,2,264,4
06:49,147,10,2,54,8
06:51,48,85,1,226,4
06:53,129,4,1,248,8
06:55,56,59,2,7,2
06:56,48,35,2,227,4
06:58,58,7,2,84,8
07:00,142,95,2,358,8
07:02,88,9,1,395,8
07:04,88,54,1,261,4
07:06,142,44,1,251,8
07:08,77,70,1,283,4
07:10,12,91,1,58,8
07:12,91,78,2,70,4
07:14,74,42,1,290,8
07:15,73,39,1,51,2
07:17,89,81,1,57,4
07:19,86,83,2,120,8
07:21,58,32,2,183,1
07:23,67,30,1,30,2
07:25,99,61,1,117,4
07:27,36,26,1,89,8
07:29,70,1,2,359,24
07:31,3,12,1,336,8
07:33,47,50,2,172,2
07:34,1,67,2,160,8
07:36,40,59,1,250,8
07:38,89,34,2,206,8
07:40,84,5,2,287,8
07:42,46,50,1,390,4
07:44,118,48,2,388,8
07:46,89,46,1,5,4
07:48,96,81,1,343,8
07:50,46,32,2,216,4
07:52,89,72,1,210,8
07:53,51,38,1,83,2
07:55,94,56,1,306,4
07:57,72,57,95,277,2
08:00,71,52,1,25,2
08:03,48,36,1,125,1
08:07,70,58,1,150,2
08:10,98,47,1,236,4
08:14,51,32,1,19,1
08:18,62,47,1,153,2
08:21,56,46,1,120,4
08:25,46,31,1,237,1
08:29,59,45,1,290,2
08:32,94,57,1,38,4
08:36,67,71,1,396,8
08:40,50,32,1,204,1
08:43,54,59,1,164,2
08:47,65,67,1,372,4
08:50,65,43,1,298,8
08:54,47,43,1,359,1
08:58,52,36,1,151,2
09:01,88,81,1,129,4
09:05,29,70,1,201,8
09:09,50,38,1,378,1
09:12,65,58,1,389,2
09:16,53,39,1,70,1
09:20,73,37,1,221,2
09:23,91,44,1,170,4
09:27,57,38,1,226,1
09:31,59,52,1,55,2
09:34,72,67,1,42,4
09:38,48,38,1,83,1
09:41,60,41,1,77,2
09:45,85,54,1,365,4
09:49,128,67,1,329,8
09:52,55,37,1,74,1
09:56,60,36,27,107,2
10:00,57,53,1,228,2
10:02,87,80,1,6,4
10:05,77,63,1,360,8
10:07,56,30,1,255,1
10:10,53,55,1,107,2
10:12,95,78,1,24,4
10:15,51,7,1,183,8
10:17,15,35,1,332,8
10:20,60,57,1,198,2
10:22,59,39,1,77,1
10:25,68,57,1,40,2
10:27,100,60,1,393,4
10:30,54,41,1,380,1
10:32,65,40,1,28,2
10:35,92,67,1,156,4
10:37,56,39,1,106,1
10:40,70,32,1,148,2
10:42,62,46,1,359,4
10:45,100,92,1,100,8
10:47,45,34,1,399,1
10:50,51,44,1,338,2
10:52,64,84,1,374,4
10:55,148,42,1,335,8
10:57,55,30,1,232,1
11:00,50,49,1,269,2
11:02,54,85,1,20,4
11:05,88,73,1,128,8
11:07,53,39,1,115,8
11:10,65,33,1,290,2
11:12,49,32,1,285,1
11:15,47,32,1,164,2
11:17,94,36,1,14,4
11:20,47,38,1,189,1
11:22,71,41,1,353,2
11:25,99,61,1,135,4
11:27,54,31,1,316,1
11:30,68,55,1,190,2
11:32,86,85,1,62,4
11:35,18,81,1,218,8
11:37,47,33,1,90,1
11:40,68,30,1,157,2
11:42,61,73,1,175,4
11:45,41,62,1,114,8
11:47,51,44,1,135,1
11:50,48,57,1,117,2
11:52,82,49,1,384,4
11:55,109,66,1,12,8
11:57,53,33,44,76,1
12:00,16,85,2,83,8
12:01,70,59,1,152,2
12:03,55,38,2,129,1
12:05,64,44,1,112,2
12:07,87,76,1,346,4
12:08,51,43,2,135,1
12:10,65,46,2,283,2
12:12,67,81,2,328,4
12:14,57,36,1,260,1
12:15,67,43,1,67,2
12:17,50,66,1,389,4
12:19,73,24,1,367,8
12:21,49,39,2,35,1
12:22,45,35,1,270,2
12:24,85,70,1,370,4
12:26,19,33,1,45,8
12:28,46,30,1,211,1
12:29,59,50,1,332,2
12:31,90,61,1,26,4
12:33,78,65,2,253,8
12:35,10,79,2,51,8
12:36,70,57,2,300,2
12:38,45,33,1,40,1
12:40,74,37,2,315,2
12:42,82,73,1,306,4
12:43,54,30,2,383,1
12:45,52,41,1,71,2
12:47,63,61,1,239,4
12:49,52,38,2,283,1
12:51,50,33,1,196,2
12:52,69,30,1,309,4
12:54,145,53,1,288,8
12:56,59,44,1,72,1
12:58,64,38,1,13,2
12:59,71,44,1,48,4
13:01,136,1,2,61,8
13:03,54,31,1,351,1
13:05,56,53,2,241,2
13:06,75,43,2,311,4
13:08,74,91,1,389,8
13:10,93,92,2,52,24
13:12,67,37,1,278,2
13:13,59,33,2,319,1
13:15,66,39,2,250,2
13:17,77,35,1,232,4
13:19,55,39,1,288,1
13:20,61,31,1,386,2
13:22,68,43,2,393,4
13:24,52,40,1,348,1
13:26,71,51,2,157,2
13:27,88,74,2,210,4
13:29,64,28,1,61,8
13:31,51,43,1,222,1
13:33,71,54,1,12,2
13:35,48,44,2,207,4
13:36,26,91,2,48,8
13:38,52,41,2,344,1
13:40,63,51,1,25,2
13:42,51,52,2,338,4
13:43,146,17,1,316,8
13:45,55,59,2,136,2
13:47,61,34,2,183,2
13:49,54,36,1,296,1
13:50,66,55,2,229,2
13:52,63,82,2,234,4
13:54,47,34,1,36,1
13:56,67,41,1,216,2
13:57,71,35,40,258,4
14:00,81,30,2,212,4
14:01,52,30,2,150,1
14:03,53,33,1,231,2
14:05,84,31,2,80,4
14:07,21,48,2,389,8
14:09,54,33,1,367,1
14:11,57,35,1,163,2
14:13,47,57,2,204,4
14:15,5,56,1,113,8
14:17,59,43,2,146,1
14:18,71,44,1,269,2
14:20,100,30,2,180,4
14:22,87,12,2,257,8
14:24,74,65,1,14,4
14:26,47,47,2,302,2
14:28,52,44,2,258,1
14:30,74,58,2,396,2
14:32,68,68,2,396,4
14:34,58,35,2,137,1
14:36,49,36,1,99,2
14:37,48,73,1,11,4
14:39,51,31,2,82,1
14:41,66,34,2,4,2
14:43,73,69,1,221,4
14:45,81,28,2,224,8
14:47,55,30,2,38,1
14:49,52,48,2,223,2
14:51,83,40,1,99,4
14:53,107,22,2,193,8
14:55,57,35,1,256,1
14:56,47,42,1,323,2
14:58,95,66,1,267,4
15:00,148,31,2,393,8
15:02,15,10,2,169,24
15:04,45,49,1,173,2
15:06,51,35,2,277,1
15:08,46,30,1,175,2
15:10,66,75,2,248,4
15:12,51,42,1,307,1
15:14,58,30,2,274,2
15:15,81,69,2,316,4
15:17,47,35,1,127,1
15:19,56,56,2,378,2
15:21,97,83,1,109,4
15:23,72,32,1,366,8
15:25,48,38,1,116,1
15:27,56,53,2,100,2
15:29,59,55,1,105,4
15:31,54,46,2,121,8
15:33,54,42,2,220,1
15:34,63,39,2,239,2
15:36,90,70,2,48,4
15:38,143,93,2,71,8
15:40,50,84,1,54,4
15:42,52,54,1,92,2
15:44,56,42,1,82,1
15:46,51,59,1,333,2
15:48,77,73,1,262,4
15:50,45,35,1,39,1
15:52,58,37,1,361,2
15:53,100,46,2,285,4
15:55,59,39,2,1,1
15:57,147,68,88,302,8
16:00,54,32,1,356,1
16:03,56,39,3,137,2
16:07,94,82,1,188,4
16:10,51,44,2,113,1
16:14,48,52,1,145,2
16:18,104,48,1,357,4
16:21,54,42,2,31,1
16:25,50,47,3,351,2
16:29,90,64,4,340,4
16:32,12,88,2,334,8
16:36,52,39,1,168,1
16:40,60,58,2,67,2
16:43,52,85,1,80,4
16:47,51,10,2,279,8
16:50,55,43,3,179,1
16:54,55,46,3,171,2
16:58,85,71,3,5,4
17:01,148,75,3,328,8
17:05,27,52,4,91,8
17:09,26,59,4,319,8
17:12,47,33,4,127,1
17:16,68,41,1,205,2
17:20,81,83,3,69,4
17:23,47,33,4,399,1
17:27,74,34,4,300,2
17:31,103,84,2,183,4
17:34,46,34,2,278,1
17:38,45,53,4,378,2
17:41,55,53,2,101,4
17:45,18,41,3,118,8
17:49,57,34,1,6,1
17:52,47,55,4,107,2
17:56,46,38,58,347,1
18:00,99,39,1,273,4
18:01,110,97,1,296,8
18:03,55,36,1,233,1
18:05,64,38,1,205,2
18:07,79,36,2,143,4
18:08,104,61,2,396,8
18:10,61,11,1,225,24
18:12,68,81,1,165,4
18:14,49,32,2,17,1
18:15,54,42,2,143,2
18:17,100,33,2,142,4
18:19,58,30,1,51,1
18:21,47,45,2,44,2
18:22,102,32,1,239,4
18:24,55,39,1,281,1
18:26,55,54,2,254,2
18:28,96,51,1,171,4
18:29,74,80,1,132,8
18:31,55,33,2,36,1
18:33,69,55,2,326,2
18:35,91,42,1,281,4
18:36,42,38,2,303,8
18:38,46,43,2,281,1
18:40,50,39,2,160,2
18:42,67,49,2,41,4
18:43,136,24,2,189,8
18:45,63,49,1,144,2
18:47,54,44,1,314,2
18:49,58,35,1,6,1
18:51,49,36,1,189,2
18:52,88,73,2,252,4
18:54,49,44,2,355,1
18:56,69,31,2,300,2
18:58,93,33,1,214,4
18:59,46,32,2,81,1
19:01,67,55,2,16,2
19:03,57,63,2,146,4
19:05,42,95,1,150,8
19:06,57,42,1,236,1
19:08,49,42,1,88,2
19:10,85,66,2,217,4
19:12,148,62,2,292,8
19:13,59,31,2,35,1
19:15,58,48,2,136,2
19:17,74,37,1,187,4
19:19,94,41,1,110,8
19:20,143,14,2,13,8
19:22,31,62,2,48,24
19:24,58,31,2,398,1
19:26,62,44,2,143,2
19:27,96,80,1,30,4
19:29,45,40,2,34,1
19:31,69,59,1,87,2
19:33,50,39,1,90,4
19:35,48,32,1,373,1
19:36,68,55,1,236,2
19:38,100,46,2,303,4
19:40,146,38,2,102,8
19:42,49,36,2,158,1
19:43,55,44,1,64,2
19:45,96,33,1,155,4
19:47,7,55,1,322,8
19:49,45,37,2,141,1
19:50,47,50,2,188,2
19:52,104,39,2,166,4
19:54,148,84,2,188,8
19:56,33,56,2,256,24
19:57,46,55,48,134,4
20:00,74,61,1,346,24
20:03,49,42,2,160,1
20:06,62,47,2,168,2
20:10,91,66,1,110,4
20:13,58,37,1,365,1
20:17,65,59,1,264,2
20:20,98,87,2,371,4
20:24,52,31,1,22,1
20:27,67,44,1,34,2
20:30,63,69,2,83,4
20:34,123,43,1,106,8
20:37,50,35,2,329,1
20:41,52,38,1,369,2
20:44,96,34,1,374,4
20:48,119,83,1,92,8
20:51,46,43,1,145,1
20:54,72,52,1,103,2
20:58,54,62,2,230,4
21:01,3,42,1,251,8
21:05,45,33,2,59,1
21:08,55,34,1,173,1
21:12,53,41,1,130,1
21:15,63,56,1,132,2
21:18,49,85,2,121,4
21:22,48,31,1,224,1
21:25,73,43,2,123,2
21:29,97,80,1,399,4
21:32,57,44,1,352,1
21:36,54,55,2,324,2
21:39,72,32,1,182,4
21:42,29,94,2,28,8
21:46,52,31,1,42,1
21:49,57,31,2,163,2
21:53,46,30,1,127,4
21:56,52,47,47,27,4
22:00,4,8,4,71,8
22:13,54,44,2,179,1
22:26,57,41,4,311,2
22:39,85,62,2,106,4
22:53,148,88,1,208,8
23:06,50,42,3,256,1
23:19,90,32,3,73,4
23:33,49,30,1,392,1
23:46,47,34,16,95,1
