00:00,106,27,3,318,8
00:15,22,81,1,390,8
00:30,33,96,1,279,8
00:45,67,86,1,260,4
01:00,93,37,3,291,8
01:15,72,58,3,128,4
01:30,114,80,1,148,8
01:45,121,31,12,325,8
02:00,80,54,3,233,4
02:17,86,28,3,96,8
02:34,49,42,1,147,2
02:51,57,49,1,235,4
03:08,128,61,3,138,8
03:25,53,30,1,13,1
03:42,91,48,13,231,4
04:00,53,59,2,219,2
04:05,69,42,1,259,4
04:11,129,69,2,293,8
04:17,1,84,2,68,24
04:22,67,47,1,366,2
04:28,47,43,2,219,1
04:34,23,67,1,38,8
04:39,141,66,2,196,8
04:45,146,8,1,187,8
04:51,131,6,2,18,8
04:57,78,50,2,41,4
05:02,82,36,1,231,8
05:08,74,52,2,186,4
05:14,142,17,1,350,8
05:19,55,85,2,12,4
05:25,120,44,1,49,8
05:31,72,32,1,14,2
05:37,87,89,2,163,4
05:42,47,26,1,221,8
05:48,50,33,1,291,1
05:54,66,34,21,250,2
06:00,45,50,2,129,2
06:02,82,33,1,352,4
06:04,2,2,2,352,8
06:06,64,55,1,280,8
06:09,87,63,1,105,4
06:11,63,99,1,355,8
06:13,70,41,2,319,2
06:16,44,42,1,150,8
06:18,99,56,1,151,8
06:20,91,65,1,341,8
06:23,90,69,1,250,4
06:25,64,29,1,288,8
06:27,73,46,1,321,4
06:30,86,48,1,101,8
06:32,48,72,2,12,4
06:34,39,8,2,26,8
06:36,47,40,2,303,2
06:39,93,80,1,173,4
06:41,54,48,1,68,8
06:43,52,30,2,194,1
06:46,70,59,1,100,2
06:48,54,85,1,126,4
06:50,66,66,1,123,8
06:53,122,75,1,344,8
06:55,98,54,2,206,4
06:57,58,54,2,396,8
07:00,93,48,1,362,4
07:02,32,4,1,62,8
07:04,85,18,1,209,8
07:06,72,4,1,288,8
07:09,70,32,2,49,4
07:11,32,34,2,85,8
07:13,78,30,2,45,4
07:16,77,37,1,261,8
07:18,86,64,1,262,4
07:20,2,41,2,27,8
07:23,67,52,1,144,2
07:25,60,31,2,40,4
07:27,9,76,2,351,8
07:30,49,40,2,342,1
07:32,68,31,1,73,2
07:34,102,66,2,363,4
07:37,122,41,2,323,8
07:39,132,43,1,4,8
07:41,118,75,2,6,24
07:43,67,51,2,354,4
07:46,56,37,2,238,1
07:48,3,5,1,291,8
07:50,95,51,1,1,8
07:53,39,54,2,54,8
07:55,75,88,1,391,4
07:57,105,76,33,49,8
08:00,48,59,1,60,2
08:08,59,32,1,125,1
08:17,55,41,2,388,2
08:25,81,71,1,335,4
08:34,45,37,1,375,1
08:42,70,43,2,356,2
08:51,49,31,2,369,4
08:59,48,31,1,366,1
09:08,58,34,2,73,2
09:17,88,33,1,111,4
09:25,87,84,2,188,8
09:34,49,37,1,87,1
09:42,56,52,2,84,2
09:51,47,32,15,243,1
10:00,85,78,1,267,4
10:04,47,38,2,396,8
10:09,48,43,2,80,1
10:14,68,37,2,99,2
10:19,89,77,2,124,4
10:24,65,10,1,129,8
10:28,71,58,2,180,4
10:33,69,37,2,129,2
10:38,53,35,1,255,1
10:43,59,34,2,349,2
10:48,81,88,2,383,4
10:52,47,32,1,69,1
10:57,64,38,2,140,2
11:02,58,62,2,46,4
11:07,59,31,1,283,1
11:12,62,38,1,339,2
11:16,96,64,2,43,4
11:21,7,45,2,190,8
11:26,50,42,1,298,1
11:31,71,44,1,115,2
11:36,90,78,1,360,4
11:40,57,17,1,161,8
11:45,55,44,2,227,1
11:50,62,50,1,303,2
11:55,71,48,15,34,2
12:00,49,41,4,70,4
12:06,99,28,4,305,8
12:12,45,30,3,288,1
12:18,56,44,4,61,2
12:25,49,43,2,138,1
12:31,65,51,1,67,2
12:37,51,64,1,5,4
12:44,55,34,3,75,1
12:50,62,54,3,291,2
12:56,101,83,4,179,4
13:03,51,34,2,65,1
13:09,45,54,3,247,2
13:15,63,46,1,305,4
13:22,29,50,2,302,8
13:28,45,39,2,249,1
13:34,72,39,4,256,2
13:41,68,70,3,128,4
13:47,65,58,1,357,8
13:53,83,39,31,28,4
14:00,47,40,1,100,1
14:02,62,54,1,244,2
14:04,74,81,1,26,4
14:06,7,57,1,109,8
14:08,68,43,1,4,2
14:10,65,38,1,396,2
14:12,48,37,1,149,1
14:14,45,40,1,76,2
14:16,79,43,1,233,4
14:18,56,37,1,71,1
14:21,45,39,1,280,2
14:23,84,57,1,251,4
14:25,53,44,1,314,1
14:27,74,41,1,206,2
14:29,76,68,1,387,4
14:31,9,9,1,201,8
14:33,51,43,1,195,1
14:35,57,42,1,274,2
14:37,63,59,1,110,4
14:40,56,13,1,398,8
14:42,47,43,1,104,1
14:44,64,48,1,166,2
14:46,54,41,1,274,4
14:48,53,76,1,332,8
14:50,66,30,1,119,2
14:52,51,50,1,256,2
14:54,58,38,1,357,1
14:56,73,37,1,307,2
14:59,90,49,1,398,4
15:01,55,31,1,211,1
15:03,47,35,1,295,2
15:05,73,84,1,300,4
15:07,55,34,1,13,1
15:09,62,45,1,379,2
15:11,79,69,1,107,4
15:13,112,67,1,318,8
15:15,45,40,1,319,1
15:18,74,55,1,172,2
15:20,62,81,1,282,4
15:22,132,64,1,167,8
15:24,55,42,1,43,1
15:26,54,48,1,74,2
15:28,62,53,1,140,4
15:30,44,86,1,273,8
15:32,51,50,1,70,2
15:34,60,51,1,126,2
15:37,54,41,1,101,1
15:39,71,46,1,246,2
15:41,60,41,1,369,4
15:43,48,39,1,117,1
15:45,50,44,1,257,2
15:47,89,67,1,75,4
15:49,50,44,1,38,1
15:51,69,36,1,85,2
15:53,90,83,1,386,4
15:56,92,80,1,126,8
15:58,99,75,50,217,4
16:00,47,36,1,314,1
16:04,59,32,1,254,2
16:08,94,36,1,21,4
16:12,46,33,2,206,1
16:17,72,48,2,186,2
16:21,50,72,1,207,4
16:25,56,30,2,262,1
16:30,48,52,1,290,2
16:34,86,62,1,298,4
16:38,99,1,1,136,8
16:42,55,38,1,263,1
16:47,45,58,2,300,2
16:51,47,42,1,254,4
16:55,56,98,1,55,8
17:00,49,37,2,85,1
17:04,64,46,2,126,2
17:08,57,45,2,339,4
17:12,103,83,1,130,8
17:17,70,54,2,355,2
17:21,38,26,2,87,8
17:25,55,31,2,338,1
17:30,48,46,2,107,2
17:34,92,68,2,380,4
17:38,47,44,1,366,1
17:42,52,35,1,204,2
17:47,89,63,1,317,4
17:51,52,38,1,399,1
17:55,70,41,40,111,2
18:00,46,46,1,80,2
18:05,45,64,1,164,4
18:10,26,9,3,37,8
18:15,56,34,2,242,1
18:20,54,37,1,21,2
18:26,99,53,1,43,4
18:31,106,77,2,207,8
18:36,52,35,1,111,1
18:41,65,59,1,71,2
18:46,67,72,3,48,4
18:52,71,94,2,97,8
18:57,113,27,2,333,8
19:02,48,67,1,65,4
19:07,56,42,2,359,1
19:13,64,58,3,263,2
19:18,71,76,1,339,4
19:23,52,41,3,99,1
19:28,71,45,2,40,2
19:33,49,41,1,319,4
19:39,51,39,1,368,1
19:44,68,30,3,282,2
19:49,99,75,3,4,4
19:54,71,36,48,48,4
20:00,53,75,1,239,8
20:04,54,40,1,48,1
20:08,65,35,1,158,2
20:12,57,30,1,270,4
20:17,104,86,1,28,8
20:21,59,33,1,351,1
20:25,51,31,1,157,2
20:30,59,51,1,131,4
20:34,85,94,1,284,8
20:38,35,68,1,60,8
20:42,59,41,1,257,1
20:47,52,39,1,30,1
20:51,47,36,1,264,2
20:55,82,72,1,319,4
21:00,48,31,1,319,1
21:04,65,48,1,313,2
21:08,69,75,1,140,4
21:12,56,42,1,37,1
21:17,68,58,1,385,2
21:21,99,34,1,143,4
21:25,142,59,1,234,8
21:30,56,32,1,78,1
21:34,52,55,1,294,2
21:38,56,42,1,138,4
21:42,39,24,1,362,8
21:47,51,32,1,126,1
21:51,45,38,1,50,2
21:55,117,17,27,70,8
22:00,77,85,1,29,4
22:17,30,67,1,112,8
22:34,12,18,1,272,24
22:51,134,57,2,386,8
23:08,56,39,3,363,1
23:25,59,56,1,100,2
23:42,53,40,12,288,1
