00:00,34,16,1,145,8
00:10,99,9,1,365,8
00:21,24,43,1,11,8
00:32,71,85,1,239,4
00:43,53,36,1,267,8
00:54,87,60,1,361,4
01:05,68,8,1,59,8
01:16,69,63,1,388,4
01:27,11,79,1,225,8
01:38,74,46,1,115,2
01:49,14,65,11,211,24
02:00,100,73,1,75,4
02:10,9,1,1,166,8
02:20,50,34,1,366,1
02:30,59,43,1,148,2
02:40,67,63,1,111,4
02:50,53,59,1,116,8
03:00,69,73,1,223,24
03:10,58,41,1,310,1
03:20,63,16,1,223,24
03:30,53,33,1,311,1
03:40,41,29,1,29,8
03:50,47,61,10,3,4
04:00,11,86,2,207,8
04:06,128,56,1,205,8
04:13,103,82,2,139,4
04:20,116,32,2,389,8
04:26,85,67,2,353,4
04:33,2,12,2,70,8
04:40,56,46,2,158,4
04:46,60,22,2,259,8
04:53,54,57,2,319,2
05:00,82,55,2,60,4
05:06,15,9,1,26,8
05:13,51,33,2,107,1
05:20,59,49,1,45,2
05:26,76,72,2,395,4
05:33,11,54,1,286,8
05:40,31,2,2,125,8
05:46,59,94,2,208,24
05:53,67,57,13,98,8
06:00,37,88,1,89,8
06:06,27,46,3,366,8
06:12,111,23,3,17,8
06:18,77,7,2,149,8
06:24,147,8,2,334,8
06:30,71,35,4,368,4
06:36,57,87,2,211,8
06:42,62,37,4,20,4
06:48,129,33,1,52,8
06:54,104,68,2,24,4
07:00,105,59,2,207,8
07:06,70,32,2,184,2
07:12,50,66,3,115,4
07:18,88,66,4,107,8
07:24,47,31,3,265,1
07:30,57,42,1,280,2
07:36,65,66,1,135,4
07:42,50,42,4,80,8
07:48,53,86,3,241,4
07:54,111,20,42,164,24
08:00,71,47,1,178,2
08:12,58,31,1,349,1
08:24,58,33,2,147,2
08:36,54,36,1,86,4
08:48,53,44,1,145,1
09:00,64,39,2,245,2
09:12,59,36,1,157,4
09:24,51,43,1,115,1
09:36,46,42,1,396,2
09:48,40,87,18,250,24
10:00,53,65,2,343,4
10:10,83,9,1,54,8
10:21,55,37,3,315,1
10:32,61,51,2,216,2
10:43,101,64,4,255,4
10:54,49,57,2,282,8
11:05,47,40,4,1,1
11:16,67,46,2,215,2
11:27,97,64,2,130,4
11:38,72,43,4,27,8
11:49,59,72,18,179,24
12:00,74,58,1,167,24
12:04,58,32,1,321,2
12:09,51,43,1,251,1
12:13,48,54,1,7,2
12:18,76,61,1,347,4
12:23,54,31,1,308,1
12:27,64,57,1,400,2
12:32,86,65,2,31,4
12:36,50,44,2,172,1
12:41,71,49,1,229,2
12:46,57,73,1,334,4
12:50,146,72,1,277,8
12:55,49,39,1,226,1
13:00,66,31,1,15,2
13:04,49,48,1,383,4
13:09,58,29,1,347,8
13:13,57,37,1,339,1
13:18,52,35,2,53,2
13:23,103,71,1,126,4
13:27,133,82,1,397,8
13:32,53,40,2,355,1
13:37,53,38,1,300,2
13:41,56,43,1,187,1
13:46,68,30,2,377,2
13:50,45,30,2,232,4
13:55,62,91,35,259,8
14:00,51,38,1,252,1
14:02,63,59,1,98,2
14:05,78,55,1,225,4
14:07,53,37,1,61,1
14:10,63,46,1,153,2
14:12,99,85,1,96,4
14:15,9,50,1,221,8
14:17,49,39,1,27,1
14:20,47,45,1,287,2
14:22,57,78,1,49,4
14:25,65,45,1,372,8
14:28,59,35,1,165,1
14:30,58,49,1,25,2
14:33,84,38,1,146,4
14:35,15,5,1,264,8
14:38,141,69,1,180,24
14:40,70,35,1,191,2
14:43,49,36,1,245,1
14:45,74,35,1,368,2
14:48,67,64,1,387,4
14:50,59,39,1,244,1
14:53,56,41,1,43,2
14:56,76,37,1,177,4
14:58,50,35,1,276,1
15:01,74,44,1,195,2
15:03,94,73,1,232,4
15:06,104,98,1,165,8
15:08,56,37,1,225,1
15:11,49,59,1,113,2
15:13,53,65,1,175,4
15:16,27,17,1,194,8
15:19,59,43,1,232,1
15:21,62,31,1,218,2
15:24,48,86,1,20,4
15:26,46,98,1,360,8
15:29,56,31,1,367,2
15:31,70,55,1,110,2
15:34,48,30,1,39,1
15:36,49,57,1,156,2
15:39,86,89,1,306,4
15:41,53,44,1,243,1
15:44,73,33,1,8,2
15:47,90,33,1,69,4
15:49,52,41,1,135,1
15:52,58,31,1,170,2
15:54,94,39,1,5,4
15:57,62,62,44,32,8
16:00,52,42,2,150,1
16:04,71,56,2,191,2
16:08,100,48,2,1,4
16:13,47,40,1,64,1
16:17,74,32,2,319,2
16:22,67,62,1,186,4
16:26,53,36,1,194,1
16:31,63,34,2,288,2
16:35,46,35,2,371,4
16:39,83,37,1,158,8
16:44,47,37,1,344,1
16:48,68,37,1,24,2
16:53,103,73,1,390,4
16:57,124,52,2,320,8
17:02,46,41,2,59,1
17:06,61,35,2,297,2
17:11,95,44,2,347,4
17:15,133,84,1,382,8
17:19,45,43,1,376,1
17:24,95,6,1,191,8
17:28,48,39,1,84,1
17:33,60,51,2,265,2
17:37,78,61,1,352,4
17:42,46,42,1,156,1
17:46,64,55,2,122,2
17:51,100,85,2,295,4
17:55,87,54,30,6,4
18:00,45,33,3,363,1
18:06,60,36,2,71,2
18:12,99,74,1,13,4
18:18,63,1,1,189,8
18:25,51,42,2,296,1
18:31,52,40,3,158,2
18:37,60,38,1,300,4
18:44,113,21,2,212,8
18:50,57,31,4,166,1
18:56,52,54,4,114,2
19:03,79,49,1,101,4
19:09,106,1,4,336,8
19:15,56,44,3,46,4
19:22,59,66,3,315,4
19:28,52,32,4,47,1
19:34,51,59,2,260,2
19:41,98,63,4,287,4
19:47,47,43,4,282,1
19:53,88,97,29,303,24
20:00,71,40,3,253,2
20:08,64,73,3,311,4
20:16,53,35,3,328,1
20:24,69,32,1,193,2
20:32,59,32,2,59,4
20:40,33,86,3,319,8
20:48,59,32,3,267,1
20:56,74,55,1,177,2
21:04,83,69,2,153,4
21:12,65,68,2,75,8
21:20,48,43,1,126,1
21:28,64,39,3,301,2
21:36,97,30,2,235,4
21:44,108,40,1,183,8
21:52,49,32,17,233,1
22:00,104,46,2,307,4
22:24,120,70,2,179,24
22:48,48,34,2,381,1
23:12,48,55,2,367,2
23:36,55,6,11,24,8
