00:00,43,5,3,190,8
00:04,73,33,4,5,8
00:08,68,68,3,112,8
00:12,33,45,3,25,8
00:16,54,61,2,215,4
00:20,52,38,3,232,8
00:24,55,31,2,361,4
00:28,48,28,3,337,8
00:32,52,42,3,284,4
00:36,74,32,2,137,8
00:40,61,34,2,156,4
00:44,63,48,1,183,2
00:48,25,67,2,127,8
00:52,64,33,2,13,4
00:56,48,38,1,213,2
01:00,52,39,2,126,1
01:04,89,2,2,342,8
01:08,50,52,2,60,4
01:12,52,47,1,273,2
01:16,50,31,3,5,1
01:20,84,12,2,217,8
01:24,91,51,3,396,8
01:28,65,27,3,17,8
01:32,14,40,1,348,8
01:36,76,50,3,23,4
01:40,36,24,16,673,24
02:00,92,10,2,373,8
02:04,52,58,2,268,4
02:08,32,40,3,166,8
02:12,63,58,1,255,4
02:16,24,65,3,245,8
02:20,78,62,1,270,4
02:24,47,42,1,304,2
02:28,65,18,2,227,8
02:32,75,62,3,214,4
02:36,55,33,4,62,2
02:40,48,38,3,93,1
02:44,94,54,2,134,8
02:48,79,49,3,184,4
02:52,51,39,3,20,2
02:56,52,37,3,298,1
03:00,26,19,3,301,8
03:04,9,33,2,337,8
03:08,35,15,4,342,8
03:12,58,49,2,397,8
03:16,79,50,2,293,4
03:20,85,33,4,52,8
03:24,46,61,3,181,4
03:28,28,12,2,70,8
03:32,71,45,1,189,4
03:36,22,6,1,53,8
03:40,83,39,3,274,4
03:44,146,23,11,575,24
04:00,57,40,2,236,2
04:01,1,23,1,22,8
04:02,54,36,2,177,4
04:03,49,46,2,115,2
04:04,48,32,2,148,1
04:05,67,26,1,194,8
04:06,74,62,2,293,4
04:07,50,37,1,374,2
04:08,49,37,2,58,1
04:09,78,66,1,24,8
04:10,1,28,1,115,8
04:11,62,39,2,127,8
04:12,18,32,1,243,8
04:13,82,55,1,193,4
04:14,8,10,2,63,8
04:15,61,54,1,78,4
04:16,80,26,2,261,8
04:17,56,31,1,157,4
04:18,26,69,1,212,8
04:19,61,49,2,88,4
04:20,54,39,1,10,2
04:21,9,33,2,136,8
04:22,63,63,1,104,4
04:23,64,45,1,95,2
04:24,54,36,2,20,1
04:25,84,61,2,84,8
04:26,59,61,2,180,4
04:27,53,31,2,290,2
04:28,49,33,2,221,1
04:29,41,63,2,241,8
04:30,21,55,2,325,8
04:31,67,62,2,387,8
04:32,24,48,2,400,8
04:33,61,43,2,135,4
04:34,82,39,1,199,8
04:35,72,33,2,361,4
04:36,13,65,2,288,8
04:37,76,37,2,85,4
04:38,64,12,1,253,8
04:39,64,67,1,304,4
04:40,49,41,2,260,2
04:41,101,48,2,386,8
04:42,47,41,2,127,4
04:43,64,38,2,4,2
04:44,51,37,1,98,1
04:45,46,18,2,397,8
04:46,66,44,2,309,4
04:47,55,31,2,313,2
04:48,48,31,2,388,1
04:49,62,55,1,143,8
04:50,46,65,2,150,8
04:51,46,56,2,205,8
04:52,71,66,1,41,8
04:53,69,66,2,214,4
04:54,66,31,2,202,8
04:55,68,50,2,351,4
04:56,56,26,2,253,8
04:57,80,61,2,262,4
04:58,10,69,2,213,8
04:59,78,58,2,10,4
05:00,52,39,2,213,2
05:01,79,41,2,247,8
05:02,83,49,2,132,4
05:03,60,46,2,73,2
05:04,48,36,2,40,1
05:05,17,4,2,19,8
05:06,59,50,2,6,4
05:07,52,42,2,284,2
05:08,48,34,1,7,1
05:09,96,45,2,362,8
05:10,73,18,2,3,8
05:11,68,43,1,257,8
05:12,17,53,2,270,8
05:13,53,51,2,91,4
05:14,19,39,1,332,8
05:15,67,61,2,242,4
05:16,11,32,19,753,24
06:00,23,3,3,71,8
06:01,76,37,3,70,4
06:02,61,28,2,280,8
06:03,61,49,3,266,4
06:04,59,43,3,123,2
06:05,48,40,2,93,8
06:06,63,43,2,47,4
06:07,54,32,4,396,2
06:08,46,31,1,347,1
06:09,11,2,3,218,8
06:10,55,61,3,246,4
06:11,50,32,2,1,2
06:12,54,39,4,293,1
06:13,23,61,2,181,8
06:14,104,8,3,325,8
06:15,3,31,3,281,8
06:16,21,27,4,221,8
06:17,48,54,1,215,4
06:18,94,63,3,349,8
06:19,55,46,4,77,4
06:20,62,50,3,12,8
06:21,48,63,1,318,4
06:22,40,36,1,323,8
06:23,54,49,3,184,4
06:24,53,39,3,299,2
06:25,88,21,1,122,8
06:26,60,35,3,112,4
06:27,62,44,4,162,2
06:28,48,31,3,31,1
06:29,41,37,3,236,8
06:30,46,31,3,314,4
06:31,54,34,2,382,2
06:32,51,37,2,357,1
06:33,8,66,4,399,8
06:34,30,55,1,99,8
06:35,3,31,2,17,8
06:36,23,9,2,293,8
06:37,70,66,4,161,4
06:38,6,65,1,64,8
06:39,50,31,2,318,4
06:40,92,26,2,290,8
06:41,72,42,2,167,4
06:42,68,3,4,192,8
06:43,51,57,1,274,4
06:44,64,45,3,230,2
06:45,4,59,3,254,8
06:46,46,62,1,187,4
06:47,57,46,4,77,2
06:48,54,37,2,250,1
06:49,73,20,1,271,8
06:50,77,69,2,287,4
06:51,61,31,2,230,2
06:52,47,36,2,80,1
06:53,57,43,3,385,8
06:54,77,4,1,324,8
06:55,35,25,2,300,8
06:56,78,58,3,233,8
06:57,57,69,2,225,4
06:58,53,18,3,106,8
06:59,49,51,2,92,4
07:00,99,54,3,169,8
07:01,79,58,2,31,4
07:02,33,18,2,377,8
07:03,54,48,2,169,4
07:04,46,44,3,274,2
07:05,26,44,3,191,8
07:06,56,43,1,292,4
07:07,51,44,4,230,2
07:08,54,31,2,135,1
07:09,57,27,2,231,8
07:10,80,65,3,210,4
07:11,60,45,2,263,2
07:12,46,33,1,250,1
07:13,4,4,2,366,8
07:14,65,62,3,238,8
07:15,30,54,3,273,8
07:16,70,26,2,175,8
07:17,47,42,2,42,4
07:18,89,48,3,75,8
07:19,51,66,1,181,4
07:20,59,49,3,206,8
07:21,47,65,2,335,4
07:22,93,4,2,242,8
07:23,73,54,4,328,4
07:24,62,35,2,393,2
07:25,40,62,2,76,8
07:26,75,31,1,200,4
07:27,50,44,2,284,2
07:28,54,32,2,296,1
07:29,34,13,2,230,8
07:30,59,35,1,207,4
07:31,58,41,2,163,2
07:32,47,32,1,304,1
07:33,77,65,2,111,8
07:34,91,46,2,275,8
07:35,97,3,3,38,8
07:36,30,61,2,127,8
07:37,51,56,2,174,4
07:38,23,49,3,54,8
07:39,70,44,3,381,4
07:40,97,58,1,31,8
07:41,76,63,2,90,4
07:42,12,54,3,345,8
07:43,79,66,3,186,4
07:44,64,32,2,358,2
07:45,82,11,2,315,8
07:46,76,69,2,230,4
07:47,48,34,2,207,2
07:48,47,36,3,381,1
07:49,66,50,43,768,24
08:00,61,45,2,320,2
08:02,49,69,2,81,4
08:04,56,45,3,77,2
08:06,48,32,3,343,1
08:08,47,58,2,294,4
08:10,57,32,2,215,2
08:12,46,35,3,132,1
08:14,3,6,1,150,8
08:16,61,51,3,345,4
08:18,61,42,2,150,2
08:20,46,34,2,155,1
08:22,34,46,2,330,8
08:24,77,40,2,390,4
08:26,60,43,2,211,2
08:28,54,36,3,381,1
08:30,27,11,3,186,8
08:32,66,62,3,356,4
08:34,46,40,3,224,2
08:36,48,31,1,277,1
08:38,3,4,1,103,8
08:40,63,48,1,225,2
08:42,64,38,2,231,4
08:44,56,37,3,35,2
08:46,51,31,3,127,1
08:48,46,32,3,208,4
08:50,62,47,4,92,2
08:52,46,35,1,72,1
08:54,8,43,2,193,8
08:56,62,66,4,193,4
08:58,64,33,4,336,2
09:00,50,33,2,364,1
09:02,56,41,3,232,8
09:04,70,48,2,105,4
09:06,62,33,3,293,2
09:08,47,36,3,50,1
09:10,49,26,2,361,8
09:12,74,59,4,80,4
09:14,48,36,3,187,2
09:16,46,32,1,339,1
09:18,42,2,1,74,8
09:20,54,32,3,173,2
09:22,99,14,2,455,24
10:00,48,53,3,96,4
10:01,55,31,2,250,2
10:02,50,31,1,378,1
10:03,84,68,1,123,4
10:04,59,49,3,291,2
10:05,48,36,2,70,1
10:06,67,31,3,14,8
10:07,46,48,4,148,4
10:08,47,31,2,104,2
10:09,46,31,3,273,1
10:10,63,20,2,134,8
10:11,66,44,3,13,4
10:12,56,40,3,327,2
10:13,46,39,3,336,1
10:14,41,45,2,231,8
10:15,51,54,2,55,4
10:16,58,45,3,187,2
10:17,54,32,2,227,1
10:18,1,50,1,37,8
10:19,60,37,2,97,2
10:20,55,64,3,338,4
10:21,51,37,1,393,2
10:22,53,31,3,22,1
10:23,77,63,1,291,4
10:24,54,40,2,357,2
10:25,52,32,3,334,1
10:26,41,25,1,327,8
10:27,84,59,3,45,4
10:28,64,47,2,184,2
10:29,54,38,2,298,1
10:30,85,42,4,290,8
10:31,53,55,2,45,4
10:32,63,40,2,172,2
10:33,49,34,3,245,1
10:34,24,12,3,17,8
10:35,50,31,3,196,4
10:36,63,33,2,233,2
10:37,53,37,3,237,1
10:38,94,19,2,46,8
10:39,46,38,3,253,2
10:40,62,51,3,378,4
10:41,52,33,1,329,2
10:42,48,32,4,327,1
10:43,73,61,3,190,4
10:44,46,31,2,77,2
10:45,51,35,3,19,1
10:46,5,27,3,23,8
10:47,78,33,3,117,4
10:48,49,47,1,292,2
10:49,46,31,3,261,1
10:50,80,56,3,387,8
10:51,65,36,2,388,4
10:52,51,39,3,73,2
10:53,51,34,3,108,1
10:54,71,17,3,291,8
10:55,73,65,3,156,4
10:56,56,44,3,112,2
10:57,54,34,2,279,1
10:58,88,67,1,133,8
10:59,56,49,2,354,2
11:00,66,31,2,19,4
11:01,99,25,3,416,24
12:00,49,32,4,269,2
12:02,54,32,5,149,1
12:04,84,42,3,121,4
12:06,52,36,1,282,2
12:08,47,35,3,379,1
12:10,49,9,2,178,8
12:12,65,68,2,59,4
12:14,64,44,4,126,2
12:16,47,36,2,119,1
12:18,70,1,4,337,8
12:20,84,43,5,62,4
12:22,52,45,2,56,2
12:24,47,33,3,155,1
12:26,37,48,6,168,8
12:28,59,34,4,196,4
12:30,51,34,6,97,2
12:32,47,34,6,250,1
12:34,77,9,4,298,8
12:36,64,41,2,271,2
12:38,71,66,2,273,4
12:40,52,42,5,33,2
12:42,48,39,4,328,1
12:44,69,56,3,122,4
12:46,49,33,3,353,2
12:48,52,34,3,33,1
12:50,86,11,4,95,8
12:52,71,67,5,171,4
12:54,58,46,4,163,2
12:56,49,31,4,339,1
12:58,100,1,5,140,8
13:00,72,41,4,251,4
13:02,54,40,3,383,2
13:04,51,34,4,100,1
13:06,57,66,3,353,8
13:08,73,61,4,344,4
13:10,46,40,5,190,2
13:12,48,32,4,321,1
13:14,37,55,6,371,8
13:16,51,36,5,103,2
13:18,49,54,6,228,4
13:20,46,44,3,91,2
13:22,46,34,3,162,1
13:24,67,53,2,291,4
13:26,49,45,6,55,2
13:28,53,36,3,130,1
13:30,33,2,6,318,8
13:32,57,55,1,145,4
13:34,58,40,3,315,2
13:36,50,31,5,184,1
13:38,95,18,41,686,24
14:00,5,14,4,97,8
14:01,71,32,3,204,4
14:02,55,38,1,249,2
14:03,52,31,1,189,1
14:04,75,27,2,143,8
14:05,63,69,1,102,4
14:06,50,38,2,101,2
14:07,51,32,2,284,1
14:08,57,29,2,36,8
14:09,56,48,2,193,2
14:10,46,33,2,194,4
14:11,62,42,2,166,2
14:12,51,31,2,21,1
14:13,60,57,2,298,4
14:14,46,32,2,153,2
14:15,51,33,3,42,1
14:16,14,9,2,359,8
14:17,74,61,2,329,4
14:18,53,41,3,24,2
14:19,49,31,2,371,1
14:20,32,11,3,118,8
14:21,46,39,3,169,4
14:22,62,34,2,8,2
14:23,47,38,1,31,1
14:24,14,1,2,251,8
14:25,70,39,3,239,4
14:26,56,46,3,283,2
14:27,47,37,1,249,1
14:28,48,55,1,28,8
14:29,46,34,1,345,2
14:30,75,31,1,258,4
14:31,60,44,4,69,2
14:32,47,37,3,251,1
14:33,46,61,2,263,4
14:34,64,39,2,34,2
14:35,50,34,4,43,1
14:36,13,29,3,98,8
14:37,76,38,2,73,4
14:38,48,33,3,313,2
14:39,47,33,4,389,1
14:40,85,65,2,20,8
14:41,81,67,3,397,4
14:42,60,41,2,256,2
14:43,49,36,2,256,1
14:44,34,59,2,256,8
14:45,50,66,3,303,4
14:46,52,33,3,312,2
14:47,51,36,3,22,1
14:48,28,48,3,299,8
14:49,60,43,3,220,2
14:50,75,51,3,369,4
14:51,51,35,4,178,2
14:52,52,34,1,259,1
14:53,59,35,2,130,4
14:54,57,33,1,384,2
14:55,50,39,3,122,1
14:56,35,36,1,19,8
14:57,59,41,3,395,4
14:58,56,39,2,281,2
14:59,49,34,2,246,1
15:00,100,51,3,183,8
15:01,72,57,3,359,4
15:02,49,38,3,394,2
15:03,52,38,2,344,1
15:04,13,25,2,163,8
15:05,80,42,2,104,4
15:06,46,34,3,391,2
15:07,46,31,1,205,1
15:08,7,22,3,85,8
15:09,62,38,2,187,2
15:10,58,66,1,291,4
15:11,64,39,1,270,2
15:12,50,36,3,97,1
15:13,61,40,4,240,4
15:14,55,42,2,162,2
15:15,46,33,3,60,1
15:16,13,66,3,174,8
15:17,79,68,1,165,4
15:18,55,36,4,337,2
15:19,51,37,3,98,1
15:20,101,5,2,370,8
15:21,47,53,1,206,4
15:22,47,41,3,196,2
15:23,51,36,2,206,1
15:24,103,12,2,10,8
15:25,69,61,1,48,4
15:26,57,38,1,361,2
15:27,46,32,3,103,1
15:28,25,10,3,188,8
15:29,63,36,3,230,2
15:30,46,31,2,200,4
15:31,47,39,1,165,2
15:32,46,31,2,201,1
15:33,58,31,3,129,4
15:34,58,45,3,291,2
15:35,53,34,1,294,1
15:36,20,66,2,197,8
15:37,71,48,4,199,4
15:38,48,48,3,184,2
15:39,51,39,3,354,1
15:40,24,39,2,291,8
15:41,68,62,3,34,4
15:42,60,41,1,249,2
15:43,47,32,2,91,1
15:44,39,37,2,187,8
15:45,75,48,3,1,4
15:46,53,43,1,362,2
15:47,51,39,3,319,1
15:48,14,26,2,304,8
15:49,59,31,2,351,2
15:50,46,32,3,155,4
15:51,46,34,1,252,2
15:52,10,82,48,425,24
16:00,76,63,1,78,4
16:01,46,48,1,290,2
16:02,52,39,3,157,1
16:03,54,58,3,250,4
16:04,46,42,1,71,2
16:05,48,33,2,392,1
16:06,28,9,3,111,8
16:07,72,32,3,19,4
16:08,58,46,1,7,2
16:09,49,34,4,308,1
16:10,70,4,1,278,8
16:11,47,32,2,347,4
16:12,53,43,1,361,2
16:13,52,31,1,108,1
16:14,97,63,4,22,8
16:15,69,47,2,333,4
16:16,64,34,2,81,2
16:17,46,36,3,125,1
16:18,101,52,3,238,8
16:19,73,34,3,22,4
16:20,78,56,3,302,4
16:21,50,48,2,245,2
16:22,51,31,1,358,1
16:23,49,64,3,94,4
16:24,56,44,2,356,2
16:25,52,35,3,400,1
16:26,19,64,3,238,8
16:27,47,48,3,289,4
16:28,57,45,3,247,2
16:29,49,38,4,184,1
16:30,79,58,3,114,8
16:31,71,46,3,358,4
16:32,51,45,1,365,2
16:33,52,38,3,226,1
16:34,2,2,4,316,8
16:35,59,58,1,218,4
16:36,49,46,2,362,2
16:37,50,36,2,390,1
16:38,24,57,1,351,8
16:39,69,49,3,394,4
16:40,46,31,2,116,4
16:41,63,39,3,394,2
16:42,50,32,2,362,1
16:43,80,53,2,315,4
16:44,52,44,2,267,2
16:45,46,35,4,124,1
16:46,52,61,2,237,8
16:47,77,67,1,156,4
16:48,55,40,2,334,2
16:49,46,35,3,212,1
16:50,34,15,2,295,8
16:51,68,47,4,138,4
16:52,54,44,1,150,2
16:53,46,34,1,29,1
16:54,91,1,2,292,8
16:55,65,31,2,369,4
16:56,55,47,3,18,2
16:57,54,39,3,281,1
16:58,81,8,2,310,8
16:59,81,53,3,284,4
17:00,65,37,2,34,4
17:01,57,31,1,86,2
17:02,51,32,1,280,1
17:03,67,45,2,152,4
17:04,59,35,2,307,2
17:05,50,31,3,294,1
17:06,68,12,3,112,8
17:07,49,34,2,75,4
17:08,58,31,2,335,2
17:09,46,37,2,70,1
17:10,80,16,3,183,8
17:11,81,55,1,214,4
17:12,59,31,1,302,2
17:13,54,34,2,94,1
17:14,59,25,3,200,8
17:15,73,52,1,272,4
17:16,46,31,3,155,2
17:17,48,38,2,360,1
17:18,100,46,4,115,8
17:19,59,42,2,33,4
17:20,59,69,2,209,4
17:21,46,47,2,382,2
17:22,46,37,1,102,1
17:23,57,42,4,42,4
17:24,63,34,3,200,2
17:25,52,37,2,313,1
17:26,44,23,3,46,8
17:27,65,69,4,3,4
17:28,59,31,3,221,2
17:29,48,38,2,127,1
17:30,101,63,3,144,8
17:31,57,61,1,37,4
17:32,64,36,2,170,2
17:33,49,33,3,230,1
17:34,11,1,1,182,8
17:35,63,43,3,27,4
17:36,53,44,3,79,2
17:37,46,31,3,211,1
17:38,22,21,2,359,8
17:39,54,33,1,295,4
18:00,56,54,2,72,4
18:01,57,39,3,115,2
18:02,46,35,3,357,1
18:03,64,45,3,313,4
18:04,63,32,2,309,2
18:05,46,39,2,343,1
18:06,46,38,5,327,8
18:07,53,44,4,366,4
18:08,50,42,3,311,2
18:09,47,38,4,155,1
18:10,10,57,1,171,8
18:11,61,36,5,195,4
18:12,58,39,2,378,2
18:13,51,34,2,309,1
18:14,80,16,2,319,8
18:15,65,51,3,43,4
18:16,52,39,5,147,2
18:17,54,31,5,131,1
18:18,86,49,4,83,8
18:19,72,44,3,107,4
18:20,50,47,4,257,4
18:21,47,41,3,16,2
18:22,52,31,2,217,1
18:23,50,61,2,310,4
18:24,57,49,3,59,2
18:25,46,36,3,152,1
18:26,34,58,2,219,8
18:27,83,36,1,216,4
18:28,49,45,4,291,2
18:29,50,37,3,389,1
18:30,96,54,3,216,8
18:31,68,41,5,201,4
18:32,56,35,5,276,2
18:33,46,37,3,224,1
18:34,104,14,1,371,8
18:35,51,61,4,289,4
18:36,59,36,5,339,2
18:37,50,31,4,311,1
18:38,96,31,2,308,8
18:39,61,65,5,278,4
18:40,59,33,3,230,4
18:41,59,45,4,308,2
18:42,49,39,4,48,1
18:43,52,41,4,133,4
18:44,54,45,2,343,2
18:45,51,38,1,140,1
18:46,80,42,3,369,8
18:47,46,31,1,394,4
18:48,56,36,4,207,2
18:49,47,31,3,338,1
18:50,98,21,3,52,8
18:51,64,67,3,45,4
18:52,62,40,4,137,2
18:53,52,31,4,360,1
18:54,27,66,4,212,8
18:55,63,47,2,83,4
18:56,64,46,2,350,2
18:57,53,34,5,117,1
18:58,54,46,4,233,8
18:59,82,59,5,97,4
19:00,75,35,4,208,4
19:01,56,37,4,372,2
19:02,51,35,5,209,1
19:03,46,65,4,396,4
19:04,61,38,4,141,2
19:05,49,32,4,325,1
19:06,30,67,3,176,8
19:07,60,59,2,274,4
19:08,51,40,5,19,2
19:09,51,31,5,330,1
19:10,20,24,2,49,8
19:11,70,53,2,125,4
19:12,93,42,13,732,24
20:00,46,49,1,331,2
20:01,53,39,1,91,1
20:02,91,66,1,224,8
20:03,51,50,1,394,4
20:04,63,32,3,168,2
20:05,46,37,1,319,1
20:06,64,21,4,165,8
20:07,76,67,1,37,4
20:08,47,58,3,201,4
20:09,46,44,4,316,2
20:10,51,35,3,49,1
20:11,46,61,4,241,4
20:12,63,45,2,224,2
20:13,49,37,2,368,1
20:14,77,10,3,313,8
20:15,79,63,3,369,4
20:16,56,31,2,194,2
20:17,53,36,4,2,1
20:18,47,23,2,140,8
20:19,75,57,3,297,4
20:20,59,40,3,183,2
20:21,47,31,3,390,1
20:22,84,44,3,80,8
20:23,52,68,2,67,4
20:24,62,43,4,296,2
20:25,48,38,2,124,1
20:26,100,61,3,144,8
20:27,63,69,3,175,4
20:28,77,32,1,6,4
20:29,54,39,3,300,2
20:30,48,39,3,75,1
20:31,66,31,4,23,4
20:32,54,31,2,345,2
20:33,49,31,3,222,1
20:34,1,1,3,193,8
20:35,48,40,2,164,4
20:36,48,31,1,25,2
20:37,51,32,2,44,1
20:38,72,38,3,360,8
20:39,48,64,3,340,4
20:40,58,47,3,249,2
20:41,47,39,2,216,1
20:42,35,3,2,209,8
20:43,70,39,3,360,4
20:44,51,32,1,217,2
20:45,53,35,3,203,1
20:46,1,67,2,230,8
20:47,52,52,1,307,4
20:48,67,46,3,138,4
20:49,51,34,2,143,2
20:50,49,31,2,371,1
20:51,78,57,2,248,4
20:52,46,40,2,322,2
20:53,46,32,3,105,1
20:54,50,14,1,355,8
20:55,72,59,3,162,4
20:56,59,32,3,397,2
20:57,51,34,3,367,1
20:58,76,33,3,261,8
20:59,55,66,4,284,4
21:00,53,35,2,239,2
21:01,49,31,1,14,1
21:02,65,50,1,13,8
22:00,52,35,3,64,4
22:04,47,33,3,18,2
22:08,46,39,3,162,1
22:12,1,8,2,49,8
22:16,80,37,3,319,4
22:20,63,47,4,366,4
22:24,57,49,2,208,2
22:28,48,34,2,393,1
22:32,77,59,1,185,4
22:36,60,49,2,229,2
22:40,46,32,2,334,1
22:44,34,1,4,89,8
22:48,56,56,3,214,4
22:52,55,37,2,334,2
22:56,46,31,1,68,1
23:00,22,13,2,185,8
23:04,47,47,3,135,4
23:08,48,44,3,368,2
23:12,51,39,2,313,1
23:16,33,17,2,132,8
23:20,74,63,1,309,4
23:24,54,32,1,13,2
23:28,46,34,2,205,1
23:32,6,12,4,224,8
23:36,78,59,1,276,4
