00:00,89,86,2,297,8
00:08,62,55,2,97,8
00:16,1,97,1,58,8
00:24,75,48,1,277,4
00:32,82,57,2,377,8
00:40,47,78,2,91,4
00:48,84,6,2,77,8
00:56,93,70,3,133,4
01:04,91,25,1,171,8
01:12,58,49,3,75,2
01:20,61,43,1,292,4
01:28,91,69,1,260,8
01:36,52,37,3,104,1
01:44,58,48,2,85,2
01:52,68,95,21,373,8
02:00,87,50,3,122,4
02:10,116,93,2,391,8
02:20,109,75,3,82,24
02:30,37,4,3,94,24
02:40,47,31,1,19,1
02:50,13,91,3,353,8
03:00,30,79,2,263,8
03:10,10,33,1,244,8
03:20,114,32,2,373,8
03:30,56,83,3,8,4
03:40,6,49,2,75,8
03:50,56,41,22,194,1
04:00,60,61,1,109,4
04:02,80,54,2,358,8
04:05,48,40,1,271,4
04:07,108,86,1,291,8
04:10,48,36,1,135,2
04:12,61,80,1,232,4
04:15,21,88,2,32,8
04:17,49,35,1,393,1
04:20,52,33,2,310,2
04:22,95,59,1,49,4
04:25,133,91,2,157,8
04:28,140,31,1,334,24
04:30,52,69,1,69,8
04:33,50,36,2,304,1
04:35,100,31,2,258,4
04:38,8,84,1,286,8
04:40,26,94,1,49,8
04:43,43,38,1,33,8
04:45,66,39,1,96,4
04:48,132,73,1,114,8
04:50,76,50,2,125,4
04:53,104,31,1,323,8
04:56,96,67,1,376,4
04:58,68,80,2,125,8
05:01,70,39,2,71,2
05:03,85,56,1,160,4
05:06,33,4,1,311,8
05:08,50,39,2,281,1
05:11,74,52,2,101,2
05:13,104,61,2,377,4
05:16,104,61,1,281,8
05:19,1,69,2,237,8
05:21,48,34,1,394,1
05:24,47,92,1,304,8
05:26,146,35,1,60,24
05:29,149,64,1,362,8
05:31,107,35,2,136,8
05:34,21,13,2,390,8
05:36,83,78,2,234,4
05:39,136,95,2,297,8
05:41,82,50,2,219,4
05:44,16,83,1,324,8
05:47,48,74,2,23,4
05:49,62,35,2,264,8
05:52,54,46,2,171,2
05:54,92,72,1,229,4
05:57,58,36,27,270,1
06:00,92,17,1,302,8
06:01,51,39,2,231,1
06:03,57,57,2,312,2
06:05,71,38,2,129,4
06:06,106,21,1,72,8
06:08,61,35,1,113,2
06:10,11,75,2,336,24
06:11,45,47,1,314,2
06:13,50,37,2,19,1
06:15,14,72,1,217,8
06:17,10,42,1,166,8
06:18,13,13,2,220,8
06:20,57,69,2,347,4
06:22,33,70,2,369,8
06:23,55,58,1,324,4
06:25,17,89,2,291,8
06:27,69,64,2,278,4
06:29,74,15,1,90,8
06:30,51,41,2,184,2
06:32,67,30,1,77,4
06:34,106,28,1,2,8
06:35,53,31,2,83,1
06:37,73,59,2,306,2
06:39,61,30,1,206,4
06:41,127,19,1,116,8
06:42,73,57,1,380,2
06:44,57,37,1,106,2
06:46,3,88,2,397,24
06:47,55,77,1,271,4
06:49,129,88,1,372,8
06:51,46,56,2,8,8
06:53,54,34,2,50,8
06:54,103,32,2,250,4
06:56,68,45,1,353,8
06:58,52,42,1,201,4
06:59,73,35,1,58,8
07:01,83,88,2,87,4
07:03,80,91,2,37,8
07:04,73,33,2,164,2
07:06,74,73,1,271,4
07:08,56,55,1,68,8
07:10,54,41,2,104,1
07:11,73,52,2,194,2
07:13,53,49,1,48,4
07:15,61,54,1,94,8
07:16,48,42,2,353,1
07:18,119,39,1,257,8
07:20,55,42,1,20,1
07:22,124,61,1,389,24
07:23,7,78,2,312,8
07:25,100,77,1,326,8
07:27,107,39,1,183,8
07:28,45,64,2,123,4
07:30,21,3,2,163,8
07:32,60,85,2,180,4
07:34,118,46,1,84,8
07:35,73,51,1,47,4
07:37,105,92,2,21,8
07:39,50,38,2,184,2
07:40,64,35,1,67,4
07:42,76,2,2,202,8
07:44,56,44,1,368,1
07:46,50,54,1,264,2
07:47,50,45,1,238,4
07:49,33,35,1,25,8
07:51,107,4,2,304,8
07:52,71,41,2,311,2
07:54,18,28,1,178,24
07:56,138,78,1,197,24
07:57,13,6,90,385,8
08:00,65,56,1,380,2
08:03,47,41,1,387,1
08:07,72,53,2,123,2
08:11,45,78,1,64,4
08:15,59,33,1,79,1
08:18,74,36,2,168,2
08:22,45,55,1,371,4
08:26,53,38,2,63,1
08:30,49,51,1,126,2
08:33,80,86,2,221,4
08:37,148,2,2,189,8
08:41,58,35,1,318,1
08:45,50,32,1,262,2
08:48,82,76,1,209,4
08:52,52,1,1,352,8
08:56,46,43,1,258,1
09:00,49,56,1,18,2
09:03,89,85,2,313,4
09:07,40,72,2,72,8
09:11,113,23,1,132,8
09:15,48,59,1,365,2
09:18,45,43,1,384,1
09:22,47,37,1,27,2
09:26,79,54,2,371,4
09:30,57,43,1,48,1
09:33,57,43,2,113,2
09:37,53,81,2,223,4
09:41,58,32,1,228,1
09:45,71,42,1,293,2
09:48,84,68,1,225,4
09:52,51,37,2,390,8
09:56,90,78,21,378,4
10:00,56,35,3,74,1
10:04,68,30,1,60,2
10:08,49,30,3,20,4
10:13,129,19,3,327,8
10:17,56,32,1,328,1
10:22,58,49,2,362,2
10:26,84,80,2,57,4
10:31,88,53,3,322,8
10:35,57,52,2,304,2
10:39,62,30,3,251,2
10:44,48,34,3,206,1
10:48,74,43,3,234,2
10:53,104,71,2,40,4
10:57,55,36,3,216,1
11:02,62,50,3,150,2
11:06,62,66,1,218,4
11:11,51,36,3,210,1
11:15,59,59,2,66,2
11:19,99,82,3,129,4
11:24,134,56,2,44,8
11:28,54,40,1,389,1
11:33,68,46,1,38,2
11:37,99,67,2,388,4
11:42,136,34,3,136,8
11:46,56,44,1,74,1
11:51,45,55,1,329,2
11:55,59,31,39,242,1
12:00,101,35,2,359,4
12:01,133,82,2,99,8
12:03,16,46,2,61,24
12:05,50,30,2,2,2
12:07,59,38,1,75,1
12:08,70,31,1,234,2
12:10,101,38,1,40,4
12:12,54,32,2,249,1
12:14,63,51,1,330,2
12:15,79,37,2,308,4
12:17,57,34,2,232,1
12:19,48,56,2,391,2
12:21,89,38,1,188,4
12:22,132,3,1,348,8
12:24,55,41,1,266,1
12:26,52,52,1,149,2
12:28,69,35,2,81,4
12:29,99,23,2,165,8
12:31,49,38,1,92,1
12:33,58,59,2,53,2
12:35,66,80,2,11,4
12:36,106,67,2,322,8
12:38,54,44,1,212,2
12:40,58,49,1,105,2
12:42,49,33,1,27,1
12:43,62,35,1,64,2
12:45,49,71,2,373,4
12:47,48,40,1,94,1
12:49,54,44,2,305,2
12:51,94,46,2,136,4
12:52,45,30,1,396,1
12:54,68,50,1,67,2
12:56,88,44,2,317,4
12:58,136,99,1,100,8
12:59,53,43,2,9,1
13:01,71,58,1,366,2
13:03,85,78,1,63,4
13:05,74,51,1,82,8
13:06,59,30,2,76,1
13:08,60,43,1,227,2
13:10,59,83,1,281,4
13:12,112,25,1,155,8
13:13,96,35,1,43,4
13:15,68,47,2,348,2
13:17,49,44,2,126,1
13:19,57,57,2,18,2
13:20,55,64,2,315,4
13:22,54,39,1,60,1
13:24,64,45,2,375,2
13:26,47,88,2,306,4
13:27,48,39,2,64,1
13:29,54,34,1,223,2
13:31,47,79,2,242,4
13:33,46,19,1,15,8
13:35,53,44,2,356,1
13:36,48,32,1,211,2
13:38,82,86,1,40,4
13:40,61,61,2,249,8
13:42,50,40,2,19,1
13:43,48,31,1,175,2
13:45,66,84,2,234,4
13:47,139,75,1,182,8
13:49,104,20,2,310,24
13:50,74,31,2,355,2
13:52,51,43,2,116,1
13:54,54,40,2,351,2
13:56,70,63,1,278,4
13:57,127,65,42,331,24
14:00,56,34,1,108,1
14:01,46,38,1,99,2
14:03,104,75,1,89,4
14:04,51,38,2,65,1
14:06,67,45,2,345,2
14:07,50,44,1,50,4
14:09,47,65,2,273,8
14:10,49,33,1,350,1
14:12,55,36,1,373,2
14:13,73,79,2,229,4
14:15,99,46,1,211,8
14:16,53,39,2,175,1
14:18,74,35,2,202,2
14:19,67,53,2,341,4
14:21,102,61,1,120,8
14:22,112,41,2,76,8
14:24,57,32,2,364,2
14:25,49,34,1,26,1
14:27,50,45,1,35,2
14:28,94,50,2,316,4
14:30,51,43,2,73,1
14:31,64,35,2,312,2
14:33,72,82,2,178,4
14:34,48,39,1,69,1
14:36,45,41,1,364,2
14:37,56,64,1,362,4
14:39,112,62,2,255,8
14:41,54,38,1,254,1
14:42,49,49,2,281,2
14:44,47,78,2,175,4
14:45,20,92,2,85,8
14:47,50,38,1,114,1
14:48,68,37,1,346,2
14:50,92,78,2,1,4
14:51,89,55,2,12,8
14:53,81,4,1,54,8
14:54,53,51,1,155,2
14:56,54,37,1,20,1
14:57,68,45,1,370,2
14:59,102,48,2,372,4
15:00,45,39,2,328,1
15:02,61,50,2,291,2
15:03,77,82,2,372,4
15:05,49,40,1,26,1
15:06,72,57,1,73,2
15:08,74,73,1,152,4
15:09,144,64,2,97,8
15:11,48,36,1,237,1
15:12,58,47,2,310,2
15:14,74,61,2,261,4
15:15,20,87,1,95,8
15:17,51,33,1,325,1
15:19,50,33,1,334,2
15:20,83,46,1,296,4
15:22,76,58,1,80,8
15:23,62,60,1,268,4
15:25,51,57,2,235,2
15:26,54,35,1,280,1
15:28,45,59,1,310,2
15:29,80,75,2,396,4
15:31,55,30,1,312,1
15:32,60,37,2,263,2
15:34,55,76,1,162,4
15:35,58,39,2,285,1
15:37,51,30,1,98,2
15:38,92,52,2,249,4
15:40,105,49,1,71,8
15:41,56,31,1,365,1
15:43,51,53,1,340,2
15:44,82,30,1,187,4
15:46,72,42,2,118,8
15:47,56,33,1,244,1
15:49,50,50,1,260,2
15:50,70,68,2,161,4
15:52,24,77,1,66,8
15:53,78,37,2,87,4
15:55,52,46,2,271,2
15:57,57,32,2,200,1
15:58,86,30,78,63,4
16:00,57,38,3,296,1
16:03,61,48,1,255,2
16:06,90,88,4,387,4
16:09,51,42,1,338,1
16:13,69,54,2,239,2
16:16,91,73,4,18,4
16:19,56,37,2,312,1
16:23,52,53,2,88,2
16:26,60,39,1,338,4
16:29,60,28,4,361,8
16:33,53,43,3,152,1
16:36,46,48,4,277,2
16:39,80,50,3,257,4
16:43,18,75,2,37,8
16:46,51,40,1,133,1
16:49,57,48,1,21,2
16:53,63,49,1,238,4
16:56,113,11,4,393,8
16:59,133,5,3,347,8
17:03,59,37,2,96,1
17:06,46,36,2,40,1
17:09,71,44,3,24,2
17:13,93,39,4,107,4
17:16,49,37,3,345,1
17:19,48,32,1,47,2
17:23,58,69,4,242,4
17:26,48,39,3,90,1
17:29,47,49,1,267,2
17:33,51,41,1,92,4
17:36,29,54,2,329,8
17:39,57,38,3,322,1
17:43,56,38,1,219,2
17:46,54,86,4,396,4
17:49,22,42,3,30,8
17:53,54,35,1,7,1
17:56,78,54,61,187,8
18:00,50,58,1,170,2
18:01,70,86,2,358,4
18:03,140,3,2,356,8
18:05,71,48,1,266,8
18:06,98,19,2,345,8
18:08,53,34,1,48,1
18:10,46,42,1,363,2
18:12,48,54,1,272,4
18:13,56,31,1,233,1
18:15,72,36,1,170,2
18:17,79,76,1,126,4
18:19,59,34,1,343,1
18:20,53,47,1,276,2
18:22,73,31,2,267,4
18:24,28,97,2,366,8
18:26,49,36,2,96,1
18:27,67,38,1,90,2
18:29,104,75,2,78,4
18:31,95,1,1,133,8
18:33,55,42,2,161,1
18:34,69,53,2,203,2
18:36,52,80,2,377,4
18:38,96,87,2,213,8
18:40,87,36,1,64,4
18:41,28,31,2,317,8
18:43,51,30,1,207,1
18:45,72,39,2,32,2
18:46,65,46,2,292,4
18:48,46,41,2,307,1
18:50,45,31,2,257,2
18:52,71,73,2,279,4
18:53,48,33,2,373,1
18:55,63,38,2,258,2
18:57,56,45,1,336,4
18:59,136,80,2,380,8
19:00,47,34,1,79,1
19:02,66,32,1,36,2
19:04,60,40,2,331,4
19:06,18,78,2,97,8
19:07,46,34,1,137,1
19:09,67,33,1,192,2
19:11,78,40,1,366,4
19:13,23,63,1,193,8
19:14,56,44,1,13,1
19:16,80,53,2,279,8
19:18,56,37,1,249,1
19:20,73,30,1,310,2
19:21,54,81,2,255,4
19:23,46,40,1,190,1
19:25,63,45,2,303,2
19:27,45,81,2,362,4
19:28,56,34,2,109,1
19:30,64,47,2,8,2
19:32,47,33,1,106,4
19:33,36,7,1,145,8
19:35,55,33,1,293,1
19:37,63,45,1,150,2
19:39,89,46,1,304,4
19:40,34,74,2,378,8
19:42,47,36,2,306,1
19:44,54,48,2,203,2
19:46,57,56,2,279,4
19:47,136,67,1,42,8
19:49,46,36,2,283,4
19:51,69,97,1,397,8
19:53,48,43,1,67,1
19:54,72,35,1,19,2
19:56,67,34,2,156,4
19:58,68,48,57,99,2
20:00,54,39,2,273,1
20:03,64,43,1,398,2
20:06,68,65,1,207,4
20:10,57,42,2,106,1
20:13,54,53,2,325,2
20:17,89,54,2,330,4
20:20,36,23,2,250,8
20:24,54,30,1,338,1
20:27,65,49,1,354,2
20:30,86,53,1,12,4
20:34,136,76,2,339,8
20:37,45,31,1,148,1
20:41,72,48,2,295,2
20:44,68,81,2,154,4
20:48,117,67,2,4,8
20:51,46,35,2,30,2
20:54,48,64,1,284,8
20:58,49,37,2,283,1
21:01,55,32,1,302,2
21:05,100,51,1,280,4
21:08,50,44,2,204,1
21:12,54,57,1,366,2
21:15,78,51,1,286,4
21:18,50,42,1,357,1
21:22,53,40,1,62,2
21:25,71,68,2,292,4
21:29,66,69,2,346,8
21:32,59,32,2,161,1
21:36,63,48,2,248,2
21:39,67,31,2,12,4
21:42,15,44,2,204,8
21:46,59,35,2,81,1
21:49,56,42,1,337,2
21:53,47,40,1,151,4
21:56,76,55,45,366,4
22:00,30,69,2,31,8
22:10,95,31,2,295,8
22:21,54,26,1,240,24
22:32,48,35,1,347,1
22:43,45,34,1,139,2
22:54,57,45,2,210,4
23:05,51,43,2,233,1
23:16,68,56,1,342,2
23:27,90,48,3,326,4
23:38,51,34,2,77,1
23:49,104,17,21,4,24
