00:00,105,61,1,137,8
00:08,9,31,4,393,8
00:17,71,10,3,97,8
00:25,80,55,3,110,4
00:34,129,26,1,215,8
00:42,75,52,4,32,4
00:51,92,84,4,95,8
00:59,55,73,4,112,4
01:08,28,31,2,179,8
01:17,50,58,1,188,2
01:25,95,33,4,107,4
01:34,104,91,1,98,8
01:42,58,42,1,57,1
01:51,31,69,29,32,24
02:00,64,35,2,383,2
02:07,69,35,1,180,4
02:14,149,11,2,340,8
02:21,121,49,3,323,24
02:28,62,62,1,362,4
02:35,112,19,3,320,8
02:42,35,65,1,211,8
02:49,21,32,1,134,8
02:56,44,69,1,206,8
03:03,146,38,1,162,8
03:10,78,62,3,318,4
03:17,83,77,3,136,8
03:24,48,66,2,3,4
03:31,67,81,3,37,8
03:38,92,75,3,264,4
03:45,84,14,1,275,8
03:52,51,35,31,68,1
04:00,65,53,3,272,2
04:04,92,74,2,83,4
04:09,73,49,3,246,8
04:13,50,41,3,153,1
04:18,46,40,2,159,2
04:23,59,50,3,285,4
04:27,61,46,1,378,8
04:32,130,79,3,90,24
04:36,70,35,1,139,4
04:41,64,8,3,232,24
04:46,88,96,1,243,24
04:50,53,8,4,164,8
04:55,47,99,3,61,8
05:00,108,81,3,225,8
05:04,78,50,2,15,4
05:09,104,20,1,55,8
05:13,49,56,1,146,4
05:18,95,22,3,124,8
05:23,71,82,4,114,4
05:27,19,55,1,303,8
05:32,70,47,2,66,2
05:37,77,80,3,195,4
05:41,21,72,3,31,8
05:46,52,44,2,392,1
05:50,72,38,4,65,2
05:55,78,56,63,395,24
06:00,88,36,1,380,4
06:01,51,19,1,161,8
06:02,93,62,2,238,4
06:03,30,19,2,334,8
06:04,62,51,2,118,4
06:05,67,47,1,378,2
06:07,56,87,1,282,8
06:08,21,91,2,347,8
06:09,81,58,1,94,8
06:10,101,47,2,197,4
06:11,37,1,2,380,8
06:12,95,86,1,33,4
06:14,129,83,2,288,8
06:15,95,44,1,320,4
06:16,102,61,1,348,8
06:17,55,54,2,215,2
06:18,47,75,1,67,4
06:19,59,78,1,153,8
06:21,45,43,1,52,1
06:22,64,38,1,322,2
06:23,61,31,1,205,4
06:24,84,42,1,96,8
06:25,131,82,2,298,8
06:26,53,44,2,151,1
06:28,124,34,2,49,24
06:29,70,84,1,400,4
06:30,93,74,2,182,8
06:31,57,75,1,7,8
06:32,147,64,1,249,8
06:33,64,30,2,141,4
06:35,140,89,2,313,8
06:36,58,75,1,23,4
06:37,96,2,1,312,8
06:38,68,42,2,63,4
06:39,73,73,1,309,8
06:40,60,53,2,154,2
06:42,71,89,1,250,4
06:43,36,14,1,277,8
06:44,50,31,1,299,1
06:45,55,37,1,262,2
06:46,97,40,2,318,4
06:47,126,97,1,291,8
06:49,26,94,1,368,24
06:50,34,5,1,323,8
06:51,127,1,1,31,8
06:52,143,61,1,288,8
06:53,65,99,1,108,8
06:54,63,98,1,214,8
06:56,77,75,2,362,8
06:57,74,34,1,319,4
06:58,27,40,2,296,8
06:59,77,86,2,72,4
07:00,8,26,1,351,8
07:02,74,51,1,286,4
07:03,2,62,2,134,8
07:04,67,56,2,155,2
07:05,91,85,2,225,4
07:06,125,80,1,285,8
07:07,46,34,1,206,1
07:09,52,48,1,396,2
07:10,83,83,2,1,4
07:11,35,65,1,364,8
07:12,64,78,1,283,8
07:13,128,16,1,324,8
07:14,89,3,2,354,24
07:16,48,45,2,51,24
07:17,55,91,2,316,8
07:18,101,35,2,91,8
07:19,131,55,1,394,8
07:20,46,73,1,189,4
07:21,32,55,2,365,8
07:23,68,51,1,48,4
07:24,115,13,2,216,8
07:25,88,73,2,211,4
07:26,15,31,1,399,8
07:27,51,48,2,223,2
07:28,51,49,1,90,4
07:30,95,74,1,320,8
07:31,45,43,2,16,1
07:32,70,55,2,387,2
07:33,59,56,1,183,4
07:34,32,70,2,180,8
07:35,66,39,2,188,2
07:37,52,61,1,292,24
07:38,126,56,1,385,8
07:39,142,49,2,72,24
07:40,74,69,1,235,8
07:41,102,44,1,315,8
07:42,15,34,2,165,8
07:44,82,33,2,268,4
07:45,100,25,1,299,8
07:46,67,88,2,174,4
07:47,25,7,2,6,8
07:48,95,54,1,118,4
07:49,67,32,2,200,8
07:51,65,44,2,101,2
07:52,77,54,1,263,4
07:53,94,4,2,230,8
07:54,46,42,1,386,1
07:55,64,56,1,45,2
07:56,95,73,1,180,4
07:58,91,36,1,226,8
07:59,46,42,102,186,1
08:00,72,51,1,211,2
08:03,50,33,1,254,1
08:06,46,33,1,329,2
08:09,67,69,2,226,4
08:12,52,36,2,319,1
08:16,55,30,1,98,2
08:19,74,60,2,342,4
08:22,54,35,1,213,1
08:25,50,42,1,349,2
08:29,52,63,2,338,4
08:32,66,98,1,196,8
08:35,45,33,2,266,1
08:38,47,59,1,359,2
08:42,49,85,2,32,4
08:45,97,97,2,61,8
08:48,47,35,1,375,1
08:51,57,40,1,4,2
08:55,65,60,2,2,4
08:58,19,45,2,306,8
09:01,90,38,1,297,4
09:04,71,34,1,63,2
09:08,51,39,1,115,1
09:11,66,48,2,380,2
09:14,104,88,1,75,4
09:17,52,38,2,83,1
09:21,64,35,1,33,2
09:24,99,74,1,166,4
09:27,48,30,1,237,1
09:30,62,51,2,241,2
09:33,76,37,1,362,4
09:37,14,52,1,300,8
09:40,51,34,2,202,1
09:43,73,37,2,304,2
09:46,86,62,1,291,4
09:50,54,54,1,70,8
09:53,58,44,2,272,1
09:56,104,88,31,336,4
10:00,59,32,1,101,2
10:02,104,50,2,126,4
10:04,116,1,2,398,8
10:06,64,36,1,155,2
10:09,70,52,2,352,2
10:11,45,30,2,100,1
10:13,72,30,2,387,2
10:15,59,32,1,391,4
10:18,59,41,2,292,1
10:20,50,57,1,337,2
10:22,55,72,2,378,4
10:24,59,39,1,40,1
10:27,68,51,1,197,2
10:29,68,36,2,18,4
10:31,27,75,1,6,8
10:33,45,41,2,218,1
10:36,61,51,1,94,2
10:38,68,63,1,396,4
10:40,58,54,1,184,8
10:42,47,37,1,234,1
10:45,60,41,1,195,2
10:47,83,89,2,208,4
10:49,27,55,1,177,8
10:51,102,65,1,34,24
10:54,52,55,1,247,2
10:56,45,42,1,171,1
10:58,61,31,2,30,2
11:01,96,85,1,194,4
11:03,52,37,1,82,1
11:05,45,39,1,362,2
11:07,51,37,2,111,4
11:10,50,40,2,342,1
11:12,70,38,2,348,2
11:14,102,31,2,304,4
11:16,71,28,1,351,8
11:19,58,30,2,220,1
11:21,74,40,2,365,2
11:23,72,50,1,369,4
11:25,104,16,1,392,8
11:28,49,36,2,235,1
11:30,51,31,2,355,2
11:32,83,35,2,290,4
11:34,98,97,2,220,8
11:37,47,51,2,150,4
11:39,67,55,2,387,2
11:41,55,33,1,59,1
11:43,72,35,2,269,2
11:46,58,78,1,373,4
11:48,58,34,2,160,1
11:50,65,50,2,141,2
11:52,98,49,2,291,4
11:55,59,35,1,109,1
11:57,52,44,46,215,1
12:00,61,38,1,31,2
12:01,86,43,1,100,4
12:02,102,26,1,390,8
12:03,54,41,2,250,1
12:05,73,34,2,249,2
12:06,49,89,1,158,4
12:07,24,66,1,31,8
12:09,56,38,2,7,1
12:10,49,40,1,1,2
12:11,89,63,1,212,4
12:13,99,34,2,361,8
12:14,100,43,1,310,4
12:15,72,36,2,75,2
12:17,46,32,1,106,1
12:18,46,30,2,327,2
12:19,46,85,2,43,4
12:21,57,41,2,264,1
12:22,54,42,1,363,2
12:23,57,44,1,298,4
12:25,55,37,1,346,1
12:26,72,34,1,13,2
12:27,77,82,1,339,4
12:29,23,27,1,184,8
12:30,56,41,2,80,1
12:31,71,52,2,331,2
12:33,89,74,1,260,4
12:34,28,50,1,385,8
12:35,45,40,2,66,1
12:37,58,37,1,270,2
12:38,50,71,2,42,4
12:39,42,24,2,371,8
12:41,69,71,1,260,4
12:42,74,38,2,387,2
12:43,59,30,2,324,1
12:45,61,34,2,337,2
12:46,99,71,1,262,4
12:47,56,30,1,29,1
12:49,50,48,2,201,2
12:50,60,52,2,397,4
12:51,49,37,1,141,1
12:53,61,35,2,80,2
12:54,62,32,2,339,4
12:55,141,65,1,296,8
12:57,56,44,1,255,1
12:58,49,46,2,394,2
12:59,85,54,2,46,4
13:01,32,71,1,129,8
13:02,59,35,2,201,1
13:03,64,40,2,361,2
13:05,102,45,1,348,4
13:06,37,61,1,168,8
13:07,99,31,2,394,4
13:09,70,43,2,262,2
13:10,51,40,2,254,1
13:11,62,48,2,268,2
13:13,75,32,2,40,4
13:14,54,44,1,9,1
13:15,70,55,1,308,2
13:17,87,40,1,389,4
13:18,47,37,2,396,1
13:19,65,31,1,23,2
13:21,97,62,1,383,4
13:22,121,79,2,60,8
13:23,56,33,2,201,1
13:25,54,51,1,337,2
13:26,78,62,1,215,4
13:27,112,91,2,179,8
13:29,53,39,1,360,1
13:30,53,50,1,311,2
13:31,70,81,1,301,4
13:33,128,66,2,81,8
13:34,49,58,1,66,2
13:35,48,57,1,241,2
13:37,57,31,1,152,1
13:38,64,30,2,348,2
13:39,101,81,2,200,4
13:41,56,41,1,282,1
13:42,74,38,2,348,2
13:43,69,82,1,379,4
13:45,51,42,2,178,1
13:46,53,54,2,99,2
13:47,51,70,1,112,4
13:49,30,85,1,297,8
13:50,50,38,1,300,1
13:51,54,33,2,258,2
13:53,86,71,2,375,4
13:54,72,19,1,199,8
13:55,51,44,1,24,1
13:57,53,47,2,284,2
13:58,58,40,57,22,4
14:00,101,44,2,379,4
14:01,8,66,1,312,8
14:02,33,45,2,281,24
14:03,45,38,2,268,2
14:04,51,32,1,215,1
14:05,57,45,1,84,2
14:06,68,79,2,257,4
14:07,47,41,2,376,1
14:08,57,33,1,329,2
14:09,82,62,1,280,4
14:10,57,34,1,202,1
14:11,65,35,2,65,2
14:12,98,37,1,285,4
14:13,36,74,1,203,8
14:14,47,34,2,242,1
14:15,53,57,2,264,2
14:16,102,31,1,41,4
14:17,16,61,2,258,8
14:18,48,40,2,135,1
14:19,67,34,1,321,2
14:20,58,47,1,31,4
14:21,10,16,2,141,8
14:22,70,55,2,316,2
14:23,60,50,1,216,2
14:24,50,36,1,77,1
14:25,54,45,2,278,2
14:26,103,80,1,200,4
14:27,54,33,1,36,1
14:28,52,44,1,370,2
14:29,74,85,2,109,4
14:30,50,33,2,186,1
14:31,64,53,1,161,2
14:32,55,66,1,93,4
14:33,91,40,2,155,8
14:34,55,42,2,369,1
14:35,53,48,2,255,2
14:36,81,53,2,176,4
14:37,105,22,2,227,8
14:38,45,39,2,122,1
14:39,49,59,2,29,2
14:40,96,32,2,246,4
14:41,108,67,2,144,8
14:42,49,38,2,351,1
14:43,72,32,1,66,2
14:44,56,43,1,307,1
14:45,46,38,2,50,2
14:46,51,30,2,91,4
14:47,52,34,2,32,1
14:48,64,44,1,358,2
14:49,93,83,2,285,4
14:50,47,31,1,307,1
14:51,50,30,1,65,2
14:52,102,78,2,251,4
14:53,76,72,2,80,8
14:54,57,30,2,102,1
14:55,52,43,1,315,2
14:56,47,31,1,271,4
14:57,111,10,2,4,8
14:58,45,41,1,131,1
14:59,74,52,1,138,2
15:00,81,80,2,384,4
15:01,95,38,1,359,8
15:02,63,47,2,354,2
15:03,60,41,1,63,2
15:04,52,38,2,53,1
15:05,55,50,2,37,2
15:06,90,54,1,278,4
15:07,54,38,2,334,1
15:08,68,55,2,366,2
15:09,95,47,1,149,4
15:10,46,39,2,75,1
15:11,62,31,2,48,2
15:12,64,62,1,399,4
15:13,65,72,1,213,8
15:14,46,31,1,329,1
15:15,68,49,1,381,2
15:16,94,42,2,393,4
15:17,118,42,2,355,8
15:18,47,35,1,184,1
15:19,62,50,1,234,2
15:20,83,51,1,74,4
15:21,51,99,2,169,8
15:22,69,58,1,93,2
15:23,55,31,2,26,2
15:24,52,40,1,321,1
15:25,61,36,1,24,2
15:26,81,63,2,50,4
15:27,59,44,1,81,1
15:28,58,34,2,341,2
15:29,91,39,2,341,4
15:30,51,31,1,101,1
15:31,45,33,2,255,2
15:32,97,65,2,104,4
15:33,47,56,1,383,8
15:34,56,32,2,229,1
15:35,72,39,1,43,2
15:36,67,48,1,175,4
15:37,2,19,2,285,8
15:38,53,44,1,376,1
15:39,62,44,2,241,2
15:40,80,75,1,256,4
15:41,139,66,2,75,8
15:42,57,32,2,208,1
15:43,72,42,1,222,2
15:44,56,36,1,208,1
15:45,62,55,1,271,2
15:46,70,56,1,96,4
15:47,47,42,2,278,1
15:48,63,32,2,93,2
15:49,91,38,2,155,4
15:50,57,39,1,23,1
15:51,50,37,2,57,2
15:52,84,53,2,367,4
15:53,8,15,1,271,8
15:54,54,37,2,227,1
15:55,68,38,2,94,2
15:56,78,32,2,123,4
15:57,107,49,1,251,8
15:58,54,39,2,193,1
15:59,63,56,70,111,4
16:00,53,36,2,116,1
16:01,47,49,1,55,2
16:02,61,69,2,200,4
16:04,55,34,2,296,1
16:05,64,44,1,45,2
16:07,91,46,1,192,4
16:08,50,33,2,59,1
16:10,65,39,2,251,2
16:11,100,36,1,367,4
16:13,113,2,1,301,8
16:14,57,38,2,367,1
16:16,50,43,1,355,2
16:17,56,32,1,33,4
16:18,72,33,2,184,8
16:20,58,39,2,271,1
16:21,67,35,2,157,2
16:23,72,63,1,312,4
16:24,121,55,1,111,8
16:26,3,56,2,345,8
16:27,51,30,1,236,1
16:29,52,36,2,376,1
16:30,52,36,1,372,2
16:32,67,89,1,190,4
16:33,59,35,1,180,1
16:35,52,42,2,49,2
16:36,55,76,1,22,4
16:37,56,34,2,352,1
16:39,60,56,1,279,2
16:40,64,60,1,119,4
16:42,87,5,2,241,8
16:43,45,32,1,99,1
16:45,49,58,1,65,2
16:46,67,86,2,181,4
16:48,12,4,2,111,8
16:49,53,37,1,217,1
16:51,49,41,2,311,2
16:52,70,87,1,397,4
16:54,113,29,2,183,8
16:55,68,42,1,361,2
16:56,94,11,2,282,8
16:58,51,36,1,285,1
16:59,66,55,1,174,2
17:01,97,82,1,95,4
17:02,55,34,2,372,1
17:04,53,30,1,229,2
17:05,65,57,2,322,4
17:07,46,34,1,101,1
17:08,57,49,2,253,2
17:10,100,76,2,143,4
17:11,130,85,1,147,8
17:13,57,37,2,195,1
17:14,48,38,2,88,2
17:15,104,47,2,273,4
17:17,147,43,2,193,8
17:18,46,35,1,141,1
17:20,53,52,2,144,2
17:21,97,51,1,31,4
17:23,147,41,2,113,8
17:24,55,4,1,395,24
17:26,56,41,2,243,1
17:27,51,38,1,4,1
17:29,59,40,2,82,2
17:30,50,41,2,18,4
17:31,49,31,2,249,1
17:33,60,34,2,22,2
17:34,92,39,1,228,4
17:36,50,43,2,361,1
17:37,52,30,1,181,2
17:39,96,74,1,167,4
17:40,143,80,2,159,8
17:42,56,32,1,111,1
17:43,55,32,2,196,2
17:45,45,30,1,5,4
17:46,9,63,2,311,8
17:48,59,30,2,229,1
17:49,45,44,1,295,2
17:50,65,38,1,148,4
17:52,116,88,2,211,8
17:53,56,38,1,340,1
17:55,52,59,2,27,2
17:56,55,40,1,109,1
17:58,58,34,62,280,1
18:00,64,50,1,137,2
18:01,66,59,1,175,4
18:02,59,32,1,149,1
18:03,47,35,1,161,2
18:04,80,71,1,84,4
18:05,58,36,1,352,1
18:06,68,53,1,260,2
18:07,82,79,1,111,4
18:08,55,84,1,308,8
18:10,49,38,1,247,1
18:11,62,31,1,256,2
18:12,53,61,1,175,4
18:13,30,51,1,222,8
18:14,45,30,1,324,1
18:15,51,42,1,243,2
18:16,66,48,1,316,4
18:17,56,56,1,256,8
18:19,56,34,1,341,1
18:20,55,30,1,220,1
18:21,54,35,1,34,1
18:22,55,54,1,333,2
18:23,80,87,1,105,4
18:24,48,34,1,199,1
18:25,45,31,1,197,2
18:26,103,63,1,225,4
18:28,57,41,1,297,1
18:29,62,55,1,300,2
18:30,87,59,1,325,4
18:31,137,57,1,272,8
18:32,47,32,1,208,1
18:33,65,30,1,243,2
18:34,104,79,1,58,4
18:35,72,72,1,94,8
18:36,56,32,1,205,1
18:38,46,59,1,219,2
18:39,47,73,1,228,4
18:40,126,12,1,162,8
18:41,67,42,1,136,2
18:42,52,45,1,11,2
18:43,50,42,1,224,1
18:44,45,47,1,112,2
18:45,66,49,1,180,4
18:47,53,44,1,333,1
18:48,65,43,1,240,2
18:49,55,79,1,382,4
18:50,50,35,1,348,1
18:51,56,59,1,246,2
18:52,51,35,1,242,4
18:53,59,83,1,142,8
18:54,48,43,1,11,1
18:56,49,56,1,94,2
18:57,50,34,1,123,4
18:58,111,33,1,373,8
18:59,50,41,1,161,1
19:00,57,37,1,81,2
19:01,51,50,1,179,4
19:02,101,15,1,150,8
19:03,57,39,1,214,1
19:04,122,41,1,280,24
19:06,47,31,1,378,1
19:07,72,50,1,175,2
19:08,67,49,1,39,4
19:09,50,37,1,365,1
19:10,64,41,1,303,2
19:11,71,62,1,182,4
19:12,59,35,1,238,1
19:13,52,33,1,214,2
19:15,86,77,1,69,4
19:16,39,42,1,17,8
19:17,49,35,1,107,1
19:18,54,51,1,269,2
19:19,79,77,1,63,4
19:20,147,8,1,313,8
19:21,47,38,1,243,1
19:22,50,33,1,367,2
19:24,94,80,1,327,4
19:25,85,25,1,341,8
19:26,101,60,1,110,4
19:27,50,42,1,60,1
19:28,47,41,1,228,1
19:29,46,43,1,213,2
19:30,71,47,1,326,4
19:31,45,40,1,172,1
19:32,66,53,1,174,2
19:34,47,81,1,333,4
19:35,54,31,1,296,1
19:36,65,41,1,221,2
19:37,101,34,1,296,4
19:38,94,75,1,142,8
19:39,51,40,1,11,1
19:40,73,57,1,66,2
19:41,75,66,1,127,4
19:43,82,43,1,213,8
19:44,46,35,1,301,1
19:45,55,58,1,58,2
19:46,52,87,1,73,4
19:47,142,51,1,135,8
19:48,52,31,1,236,1
19:49,57,71,1,318,8
19:50,59,31,1,399,1
19:52,57,53,1,399,2
19:53,58,72,1,13,4
19:54,46,41,1,92,1
19:55,71,53,1,107,2
19:56,87,70,1,214,4
19:57,56,41,1,270,1
19:58,83,72,102,363,4
20:00,50,52,3,163,2
20:03,85,80,2,198,4
20:06,93,58,2,384,8
20:09,47,38,1,303,1
20:13,51,41,3,396,2
20:16,50,89,2,336,4
20:19,32,94,1,360,8
20:23,47,35,2,282,1
20:26,49,51,2,62,2
20:29,75,71,1,124,4
20:33,101,76,3,122,8
20:36,49,56,2,66,2
20:39,81,78,2,129,4
20:43,57,35,1,308,1
20:46,53,46,2,382,2
20:49,74,82,2,20,4
20:53,53,39,3,82,1
20:56,50,54,1,13,2
20:59,63,60,3,22,4
21:03,45,36,2,293,1
21:06,50,38,2,229,2
21:09,45,84,2,360,4
21:13,118,16,2,75,8
21:16,54,33,2,273,1
21:19,50,49,3,130,2
21:23,49,53,1,344,4
21:26,93,43,2,69,8
21:29,49,44,1,250,1
21:33,68,48,2,134,2
21:36,101,46,1,332,4
21:39,105,31,2,199,8
21:43,49,37,2,222,1
21:46,74,80,2,196,4
21:49,57,40,1,379,1
21:53,55,59,2,173,2
21:56,65,39,61,399,2
22:00,52,42,2,134,4
22:05,57,42,1,322,1
22:11,61,33,1,228,2
22:17,66,40,1,37,4
22:22,58,36,1,221,1
22:28,65,46,1,248,2
22:34,48,45,2,232,4
22:39,53,57,1,101,8
22:45,58,30,1,343,1
22:51,63,50,1,140,2
22:57,46,71,1,89,4
23:02,8,98,1,20,8
23:08,46,39,1,8,1
23:14,55,47,1,189,2
23:19,90,69,2,230,4
23:25,94,54,1,223,8
23:31,115,89,2,363,24
23:37,134,81,2,47,8
23:42,49,42,1,76,1
23:48,73,33,2,131,2
23:54,16,97,23,243,8
