00:00,98,4,2,355,8
00:03,25,54,2,78,8
00:06,2,23,3,340,8
00:09,46,24,2,10,8
00:12,80,55,3,379,4
00:15,11,31,3,67,8
00:18,79,67,1,196,4
00:21,77,53,2,86,8
00:24,62,65,4,363,4
00:27,52,67,4,194,8
00:30,77,57,1,173,4
00:33,49,38,2,100,2
00:36,46,8,2,14,8
00:39,75,61,1,77,4
00:42,52,46,3,2,2
00:45,46,34,2,144,1
00:48,50,54,1,276,8
00:51,71,61,1,45,4
00:54,52,32,3,336,2
00:57,50,34,3,22,1
01:00,29,6,3,260,8
01:03,93,47,3,132,8
01:06,56,24,3,288,8
01:09,33,53,2,67,8
01:12,66,52,2,92,4
01:15,76,39,2,386,8
01:18,79,64,3,98,4
01:21,55,58,3,144,8
01:24,78,31,2,136,4
01:27,63,35,2,65,8
01:30,77,56,1,58,4
01:33,56,39,1,257,2
02:00,86,43,2,109,8
02:03,76,61,2,106,4
02:06,62,47,2,162,2
02:09,51,38,4,30,1
02:12,93,42,1,367,8
02:15,58,64,3,359,4
02:18,64,34,3,387,2
02:21,47,34,2,151,1
02:24,16,9,2,204,8
02:27,24,21,4,138,8
02:30,3,17,2,363,8
02:33,95,64,1,42,8
02:36,76,53,1,160,4
02:39,12,2,4,335,8
02:42,47,33,3,351,4
02:45,52,22,2,335,8
02:48,52,32,4,135,4
02:51,44,51,2,116,8
02:54,59,64,4,17,4
02:57,53,41,1,283,2
03:00,85,24,2,85,8
03:03,57,35,3,27,4
03:06,58,39,3,228,2
03:09,48,31,1,11,1
03:12,27,19,2,36,8
03:15,79,59,2,314,4
03:18,56,35,3,26,2
03:21,46,33,2,383,1
03:24,3,1,2,348,8
03:27,15,20,2,38,8
03:30,15,3,1,12,8
04:00,103,54,2,136,8
04:02,48,50,3,205,4
04:04,19,58,1,126,8
04:06,52,39,3,209,4
04:08,44,59,3,97,8
04:10,71,56,3,172,4
04:12,76,61,3,170,8
04:14,73,31,3,346,4
04:16,46,38,3,2,2
04:18,5,15,4,79,8
04:20,61,69,2,232,4
04:22,63,38,2,59,2
04:24,48,35,2,195,1
04:26,1,64,3,352,8
04:28,73,58,2,176,4
04:30,63,46,2,143,2
04:32,46,37,2,332,1
04:34,104,15,3,30,8
04:36,48,31,2,346,8
04:38,89,52,3,151,8
04:40,81,43,3,113,8
04:42,71,31,3,325,4
04:44,46,68,2,281,8
04:46,60,35,3,74,4
04:48,5,1,1,27,8
04:50,68,51,2,229,4
04:52,41,56,3,187,8
04:54,52,44,3,25,4
04:56,53,40,2,111,2
04:58,77,14,1,269,8
05:00,80,63,1,288,4
05:02,59,46,4,356,2
05:04,50,35,3,360,1
05:06,60,20,1,261,8
05:08,61,44,1,257,4
05:10,60,46,2,376,2
05:12,52,39,2,9,1
05:14,57,22,3,93,8
05:16,30,65,2,269,8
05:18,41,2,2,305,8
05:20,53,37,2,33,8
05:22,50,67,2,124,4
05:24,73,25,3,259,8
05:26,76,47,4,375,4
05:28,18,36,2,233,8
05:30,61,52,3,281,4
05:32,28,62,2,192,8
05:34,49,38,3,394,4
05:36,60,47,4,21,2
05:38,79,25,3,178,8
05:40,78,61,2,396,4
05:42,61,42,3,60,2
05:44,8,50,17,790,24
06:00,54,39,4,352,1
06:01,58,55,5,5,8
06:02,53,67,3,67,4
06:03,54,38,1,295,2
06:04,46,35,5,237,1
06:05,19,57,2,87,8
06:06,49,20,2,12,8
06:07,63,3,3,120,8
06:08,34,37,3,239,8
06:09,63,65,3,268,4
06:10,93,12,2,385,8
06:11,64,68,2,184,4
06:12,20,21,3,235,8
06:13,47,47,3,91,4
06:14,2,52,2,213,8
06:15,76,39,5,153,4
06:16,46,46,5,36,2
06:17,38,24,3,282,8
06:18,48,43,2,265,4
06:19,55,40,2,352,2
06:20,46,32,3,94,1
06:21,81,63,5,150,8
06:22,71,68,2,332,4
06:23,61,46,4,295,2
06:24,53,38,2,310,1
06:25,32,4,3,396,8
06:26,70,8,1,270,8
06:27,7,26,3,22,8
06:28,7,5,1,252,8
06:29,71,61,4,321,4
06:30,61,26,4,251,8
06:31,57,33,2,29,4
06:32,34,39,3,154,8
06:33,50,41,4,215,4
06:34,67,65,4,299,8
06:35,52,31,2,45,4
06:36,62,35,3,137,2
06:37,54,42,5,116,8
06:38,47,44,5,31,4
06:39,50,41,5,395,2
06:40,54,36,2,341,1
06:41,70,51,3,359,8
06:42,72,62,3,330,4
06:43,58,48,2,187,2
06:44,49,36,4,229,1
06:45,102,1,4,92,8
06:46,36,54,3,254,8
06:47,78,38,4,375,8
06:48,99,18,4,288,8
06:49,61,48,2,40,4
06:50,7,37,2,166,8
06:51,51,46,4,300,4
06:52,85,35,4,133,8
06:53,83,54,1,72,4
06:54,87,27,3,224,8
06:55,78,50,1,291,4
06:56,55,48,3,254,2
06:57,68,47,1,71,8
06:58,70,34,3,371,4
06:59,56,41,2,280,2
07:00,46,31,3,18,1
07:01,3,34,4,29,8
07:02,58,54,4,271,4
07:03,50,32,2,120,2
07:04,50,31,4,247,1
07:05,6,49,5,34,8
07:06,102,24,3,377,8
07:07,94,1,1,383,8
07:08,56,19,5,299,8
07:09,81,31,5,201,4
07:10,64,1,5,175,8
07:11,47,43,1,210,4
07:12,61,20,4,308,8
07:13,46,52,3,204,4
07:14,91,57,3,21,8
07:15,58,69,2,167,4
07:16,60,41,5,338,2
07:17,32,10,5,136,8
07:18,56,64,3,26,4
07:19,47,49,3,205,2
07:20,48,31,4,331,1
07:21,12,77,40,408,24
08:00,54,31,1,32,2
08:03,55,50,2,236,4
08:06,59,42,3,309,2
08:09,49,38,3,305,1
08:12,46,66,3,255,4
08:15,48,49,3,183,2
08:18,51,37,3,235,1
08:21,42,21,3,329,8
08:24,47,44,3,129,4
08:27,52,35,1,268,2
08:30,54,31,3,340,1
08:33,78,29,3,142,8
08:36,68,39,1,254,4
08:39,62,49,2,178,2
08:42,46,31,1,255,1
08:45,29,41,3,344,8
08:48,60,46,4,290,4
08:51,54,34,2,384,2
08:54,51,39,3,174,1
08:57,38,20,3,288,8
09:00,56,34,2,92,2
09:03,80,53,3,319,4
09:06,50,47,3,242,2
09:09,51,39,2,95,1
09:12,54,49,2,244,4
09:15,64,33,1,241,2
09:18,49,37,3,275,1
09:21,7,27,3,15,8
09:24,62,39,3,377,4
09:27,62,31,3,179,2
09:30,46,35,3,316,1
09:33,25,24,2,247,8
09:36,57,55,2,392,4
09:39,51,49,3,140,2
09:42,50,33,2,185,1
09:45,29,2,3,240,8
09:48,79,68,4,40,4
09:51,53,45,3,288,2
09:54,24,39,1,449,24
10:00,46,31,4,20,1
10:03,30,14,6,226,8
10:06,62,45,4,242,2
10:09,46,38,3,106,4
10:12,46,41,3,223,2
10:15,47,31,5,25,1
10:18,61,56,1,273,4
10:21,57,37,3,100,2
10:24,48,34,1,176,1
10:27,13,4,5,45,8
10:30,47,52,2,295,4
10:33,52,41,4,38,2
10:36,53,34,3,205,1
10:39,22,28,2,86,8
10:42,58,65,4,50,4
10:45,49,39,2,219,2
10:48,54,34,2,282,1
10:51,23,29,4,345,8
10:54,67,66,3,318,4
10:57,56,43,4,289,2
11:00,46,32,2,162,1
11:03,15,63,4,125,8
11:06,53,31,3,21,2
11:09,63,52,7,98,4
11:12,61,45,3,398,2
11:15,49,34,5,255,1
11:18,52,54,2,91,4
11:21,61,38,3,49,2
11:24,47,37,4,50,1
11:27,8,31,2,177,8
11:30,64,43,6,250,4
11:33,62,40,3,222,2
11:36,46,38,5,209,1
11:39,33,26,33,676,24
12:00,73,65,4,251,8
12:02,59,57,2,108,4
12:04,53,34,6,390,2
12:06,54,31,4,256,1
12:08,103,34,6,26,8
12:10,46,61,1,117,4
12:12,49,43,3,256,2
12:14,54,32,3,149,1
12:16,39,41,2,176,8
12:18,62,40,1,74,2
12:20,66,69,2,324,4
12:22,54,35,6,56,2
12:24,50,35,4,387,1
12:26,62,61,4,89,4
12:28,47,49,6,38,2
12:30,47,39,2,321,1
12:32,60,11,6,388,8
12:34,54,33,2,41,4
12:36,56,43,4,89,2
12:38,49,33,5,338,1
12:40,93,38,6,193,8
12:42,79,48,5,142,4
12:44,49,43,3,311,2
12:46,54,33,3,281,1
12:48,35,65,5,149,8
12:50,53,59,4,162,4
12:52,62,37,4,37,2
12:54,49,38,3,59,1
12:56,91,8,6,119,8
12:58,48,48,4,35,2
13:00,84,32,3,2,4
13:02,49,31,4,40,2
13:04,54,34,1,234,1
13:06,61,44,5,163,4
13:08,58,31,3,333,2
13:10,52,32,5,147,1
13:12,41,8,5,224,8
13:14,64,42,3,311,4
13:16,50,31,6,398,2
13:18,50,33,1,24,1
13:20,12,9,6,111,8
13:22,65,68,7,267,4
13:24,61,39,6,135,2
13:26,49,32,6,295,1
13:28,47,9,6,336,8
13:30,59,50,6,329,4
13:32,46,37,3,189,2
13:34,53,39,3,364,1
13:36,85,7,3,4,8
13:38,64,34,2,258,2
13:40,65,56,4,273,4
13:42,148,26,16,701,24
14:00,60,44,3,59,2
14:01,51,37,4,113,1
14:02,79,42,3,236,4
14:03,46,39,4,308,2
14:04,46,36,4,89,1
14:05,78,35,4,362,8
14:06,78,46,2,114,4
14:07,51,47,3,330,2
14:08,48,35,4,302,1
14:09,70,41,4,347,8
14:10,72,35,3,372,4
14:11,59,46,2,254,2
14:12,47,31,5,49,1
14:13,29,42,5,185,8
14:14,46,62,5,298,4
14:15,47,46,5,34,2
14:16,54,37,4,5,1
14:17,2,61,4,75,8
14:18,53,31,4,339,2
14:19,80,38,2,287,4
14:20,51,47,2,282,2
14:21,51,38,1,36,1
14:22,61,32,3,11,4
14:23,63,37,3,357,2
14:24,53,31,3,232,1
14:25,103,38,2,143,8
14:26,80,37,2,91,4
14:27,52,45,1,67,2
14:28,46,31,3,52,1
14:29,87,56,4,353,8
14:30,49,35,4,4,4
14:31,54,43,5,231,2
14:32,53,32,3,205,1
14:33,82,45,2,314,8
14:34,84,57,2,100,4
14:35,46,32,5,172,2
14:36,46,34,3,209,1
14:37,98,61,4,86,8
14:38,62,49,4,302,2
14:39,50,41,4,9,4
14:40,61,42,5,85,2
14:41,54,33,2,353,1
14:42,77,36,2,205,4
14:43,55,33,3,199,2
14:44,50,31,4,191,1
14:45,75,2,3,291,8
14:46,75,45,1,113,4
14:47,51,41,4,377,2
14:48,46,36,3,83,1
14:49,12,9,2,243,8
14:50,60,39,2,10,4
14:51,52,37,4,188,2
14:52,52,31,3,351,1
14:53,64,14,3,236,8
14:54,62,41,2,103,4
14:55,46,37,1,12,2
14:56,54,31,2,146,1
14:57,18,66,2,303,8
14:58,60,31,5,233,2
14:59,68,33,5,301,4
15:00,57,45,5,157,2
15:01,50,35,3,377,1
15:02,55,55,1,332,4
15:03,49,38,3,153,2
15:04,51,39,3,379,1
15:05,102,69,3,306,8
15:06,68,62,3,342,4
15:07,64,37,3,239,2
15:08,48,31,2,287,1
15:09,57,51,3,134,8
15:10,71,55,4,399,4
15:11,57,45,3,58,2
15:12,46,39,5,199,1
15:13,64,56,3,89,8
15:14,64,43,4,93,4
15:15,62,49,3,160,2
15:16,48,38,3,16,1
15:17,28,35,2,303,8
15:18,61,43,2,216,2
15:19,63,66,4,32,4
15:20,52,47,2,297,2
15:21,51,35,2,54,1
15:22,55,51,2,221,4
15:23,59,40,4,87,2
15:24,47,35,4,360,1
15:25,99,32,1,121,8
15:26,46,33,5,5,4
15:27,51,33,2,380,2
15:28,46,34,5,123,1
15:29,54,14,2,133,8
15:30,17,71,13,775,24
16:00,77,31,2,119,4
16:01,48,43,2,241,2
16:02,46,31,1,333,1
16:03,84,36,1,165,4
16:04,57,44,1,183,2
16:05,51,38,2,373,1
16:06,51,40,2,70,8
16:07,50,40,2,161,4
16:08,55,41,2,276,2
16:09,47,36,1,96,1
16:10,53,55,2,273,8
16:11,79,62,2,248,4
16:12,59,49,1,381,2
16:13,47,32,1,153,1
16:14,34,34,2,194,8
16:15,52,57,2,172,4
16:16,59,32,1,133,2
16:17,52,31,2,338,1
16:18,91,31,2,29,8
16:19,69,37,2,180,4
16:20,72,59,2,301,4
16:21,57,34,2,357,2
16:22,46,31,1,9,1
16:23,46,45,2,330,4
16:24,58,49,1,307,2
16:25,50,37,2,61,1
16:26,91,28,2,355,8
16:27,63,66,1,160,4
16:28,51,42,1,205,2
16:29,51,36,1,218,1
16:30,35,65,1,132,8
16:31,73,32,1,85,4
16:32,46,47,2,318,2
16:33,54,32,1,207,1
16:34,49,15,2,273,8
16:35,52,43,1,146,4
16:36,46,45,1,168,2
16:37,50,31,1,152,1
16:38,13,8,2,7,8
16:39,66,65,2,203,4
16:40,83,47,2,271,4
16:41,50,46,2,71,2
16:42,46,35,2,372,1
16:43,74,39,2,85,4
16:44,50,36,2,321,2
16:45,49,38,2,238,1
16:46,64,49,2,75,8
16:47,66,32,2,58,4
16:48,48,41,2,58,2
16:49,46,31,2,382,1
16:50,28,66,2,337,8
16:51,58,51,2,52,4
16:52,59,40,2,259,2
16:53,48,39,2,364,1
16:54,62,39,2,276,8
16:55,69,61,1,357,4
16:56,50,47,1,311,2
16:57,54,35,1,90,1
16:58,49,40,2,100,8
16:59,77,57,2,85,4
17:00,67,35,1,74,4
17:01,49,38,2,272,2
17:02,46,33,1,25,1
17:03,72,49,2,222,4
17:04,49,45,1,98,2
17:05,52,34,2,134,1
17:06,100,6,1,135,8
17:07,46,68,2,273,4
17:08,50,43,1,243,2
17:09,48,39,2,363,1
17:10,36,20,1,155,8
17:11,71,38,2,75,4
17:12,52,32,1,159,2
17:13,48,39,2,47,1
17:14,99,21,2,158,8
17:15,58,54,1,283,4
17:16,46,42,1,93,2
17:17,50,31,2,1,1
17:18,35,20,2,222,8
17:19,53,31,2,178,4
17:20,50,34,1,277,4
17:21,50,33,2,326,2
17:22,54,31,1,181,1
17:23,82,59,1,143,4
17:24,53,45,2,78,2
17:25,50,32,2,281,1
17:26,102,1,2,45,8
17:27,68,66,2,41,4
17:28,56,45,2,389,2
17:29,49,32,2,249,1
17:30,1,7,1,208,8
17:31,83,33,2,3,4
17:32,63,39,2,39,2
17:33,47,37,2,290,1
17:34,80,32,2,261,8
17:35,77,54,1,272,4
17:36,64,35,2,46,2
17:37,49,35,2,99,1
17:38,53,9,2,321,8
17:39,78,55,1,152,4
17:40,74,49,1,393,4
17:41,52,38,2,225,2
17:42,54,35,1,254,1
17:43,72,56,2,68,4
17:44,52,41,1,326,2
17:45,52,34,2,76,1
17:46,59,10,2,334,8
17:47,67,62,2,377,4
17:48,46,37,2,155,2
17:49,46,37,2,207,1
17:50,85,14,2,166,8
17:51,46,45,2,246,4
17:52,51,47,2,117,2
17:53,50,33,2,332,1
17:54,103,57,2,384,8
17:55,129,12,33,577,24
18:00,58,47,4,88,4
18:01,46,32,1,304,2
18:02,54,38,2,279,1
18:03,25,23,3,363,8
18:04,74,46,1,153,4
18:05,73,37,1,148,4
18:06,57,34,1,112,2
18:07,53,38,4,398,1
18:08,80,66,2,157,4
18:09,54,40,2,294,2
18:10,52,36,3,279,1
18:11,95,13,4,26,8
18:12,83,58,2,170,4
18:13,46,39,1,70,2
18:14,54,31,1,22,1
18:15,63,17,2,81,8
18:16,60,56,3,164,4
18:17,58,31,2,65,2
18:18,49,38,2,227,1
18:19,60,55,3,284,8
18:20,77,36,3,376,4
18:21,47,34,2,6,2
18:22,52,37,3,224,1
18:23,86,18,2,212,8
18:24,78,64,2,158,4
18:25,60,66,1,304,4
18:26,46,38,2,120,2
18:27,46,32,2,200,1
18:28,62,68,2,367,4
18:29,59,37,2,319,2
18:30,53,39,4,172,1
18:31,85,53,2,181,8
18:32,66,43,3,263,4
18:33,56,36,1,75,2
18:34,51,34,1,336,1
18:35,52,14,2,189,8
18:36,73,50,4,100,4
18:37,64,36,1,38,2
18:38,54,33,2,376,1
18:39,21,51,2,234,8
18:40,66,61,2,94,4
18:41,64,37,1,102,2
18:42,51,31,1,165,1
18:43,13,7,3,110,8
18:44,82,63,4,310,4
18:45,56,62,2,167,4
18:46,46,39,1,210,2
18:47,52,33,2,166,1
18:48,69,35,1,367,4
18:49,46,33,3,37,2
18:50,47,33,1,67,1
18:51,15,28,3,180,8
18:52,69,51,2,373,4
18:53,52,36,2,237,2
18:54,47,36,2,56,1
18:55,101,6,1,62,8
18:56,82,48,2,265,4
18:57,53,46,1,57,2
18:58,50,34,2,49,1
18:59,54,49,1,318,8
19:00,75,33,2,333,4
19:01,57,33,4,159,2
19:02,49,32,2,136,1
19:03,48,34,3,50,8
19:04,58,40,2,94,4
19:05,55,62,1,44,4
19:06,60,39,3,149,2
19:07,48,37,3,308,1
19:08,59,52,1,38,4
19:09,62,38,3,377,2
19:10,53,33,3,275,1
19:11,88,11,1,387,8
19:12,50,32,1,257,4
19:13,48,46,3,32,2
19:14,47,34,3,92,1
19:15,27,4,4,52,8
19:16,46,36,3,98,4
19:17,58,48,3,24,2
19:18,49,31,2,367,1
19:19,71,9,3,367,8
19:20,78,47,2,20,4
19:21,56,42,2,91,2
19:22,53,31,3,31,1
19:23,25,34,3,168,8
19:24,50,49,3,149,4
19:25,50,62,3,21,4
19:26,48,43,2,324,2
19:27,46,31,1,242,1
19:28,78,63,2,228,4
19:29,51,41,3,205,2
19:30,47,31,4,160,1
19:31,81,17,1,38,8
19:32,48,38,4,125,4
19:33,53,43,2,55,2
19:34,50,38,4,42,1
19:35,101,14,3,271,8
19:36,105,5,26,451,24
20:00,81,34,1,94,4
20:01,56,45,3,216,2
20:02,46,33,2,270,1
20:03,10,64,3,97,8
20:04,59,43,2,52,4
20:05,59,34,2,139,2
20:06,53,37,1,289,1
20:07,83,68,3,87,8
20:08,64,31,2,337,4
20:09,56,49,2,203,4
20:10,58,33,1,267,2
20:11,50,38,2,355,1
20:12,49,63,2,375,4
20:13,54,37,2,153,2
20:14,52,36,1,59,1
20:15,77,68,3,113,8
20:16,76,31,3,180,4
20:17,61,36,1,357,2
20:18,52,33,2,323,1
20:19,33,64,3,366,8
20:20,72,57,1,65,4
20:21,63,44,1,374,2
20:22,53,34,2,284,1
20:23,81,14,4,290,8
20:24,72,57,3,255,4
20:25,50,36,3,229,2
20:26,51,31,4,270,1
20:27,29,65,3,347,8
20:28,72,61,2,110,4
20:29,47,46,2,162,4
20:30,55,48,3,161,2
20:31,49,36,1,85,1
20:32,62,65,3,294,4
20:33,54,42,2,371,2
20:34,46,32,4,49,1
20:35,100,32,2,387,8
20:36,69,53,2,198,4
20:37,46,45,2,14,2
20:38,49,31,3,220,1
20:39,22,34,3,160,8
20:40,47,45,2,108,4
20:41,57,49,2,216,2
20:42,46,33,2,168,1
20:43,26,67,2,240,8
20:44,77,42,1,153,4
20:45,59,33,2,203,2
20:46,48,38,3,208,1
20:47,55,10,1,310,8
20:48,58,45,2,13,4
20:49,78,51,3,120,4
20:50,57,40,1,287,2
20:51,49,32,1,286,1
20:52,69,44,3,362,4
20:53,49,31,1,156,2
20:54,46,33,2,169,1
20:55,81,52,1,70,8
20:56,58,35,3,51,4
20:57,59,31,1,393,2
20:58,51,35,3,197,1
20:59,75,7,3,11,8
21:00,32,7,19,583,24
22:00,73,62,2,155,4
22:06,47,35,3,114,2
22:12,54,31,3,224,1
22:18,60,18,3,190,8
22:24,46,38,3,187,4
22:30,49,37,2,268,2
22:36,50,31,1,58,1
22:42,56,51,3,192,8
22:48,49,61,1,36,4
22:54,72,50,2,120,4
23:00,55,35,3,225,2
23:06,54,38,4,5,1
23:12,58,41,3,338,4
23:18,48,35,4,391,2
23:24,54,39,2,389,1
23:30,101,26,1,376,8
23:36,64,61,3,129,4
23:42,53,49,2,189,2
23:48,54,31,2,397,1
23:54,106,50,10,700,24
