00:00,85,49,2,1,8
00:08,136,9,1,208,8
00:16,57,41,2,225,8
00:24,60,62,2,261,4
00:32,125,14,1,187,8
00:40,70,45,2,231,4
00:48,88,78,1,261,8
00:56,72,31,2,17,4
01:04,121,23,2,151,8
01:12,50,50,2,168,2
01:20,49,66,1,92,4
01:28,126,40,1,248,8
01:36,45,41,1,366,1
01:44,59,40,2,251,2
01:52,54,11,20,88,24
02:00,75,69,2,125,4
02:10,26,70,3,16,8
02:20,45,70,2,104,4
02:30,52,49,3,46,2
02:40,14,77,3,23,24
02:50,125,66,1,143,8
03:00,86,63,1,51,8
03:10,91,83,3,14,8
03:20,54,50,3,289,8
03:30,55,41,3,152,4
03:40,23,47,2,168,8
03:50,32,10,16,251,8
04:00,47,84,2,391,4
04:03,62,12,1,113,8
04:06,74,49,1,229,4
04:10,117,50,1,60,8
04:13,73,33,1,46,2
04:17,95,77,2,319,4
04:20,17,42,2,28,8
04:24,46,41,1,347,1
04:27,56,42,1,180,2
04:30,93,53,1,222,4
04:34,67,74,1,258,8
04:37,79,95,2,241,8
04:41,88,34,1,198,24
04:44,110,80,1,177,24
04:48,130,26,2,293,24
04:51,113,75,2,266,8
04:54,30,82,2,270,8
04:58,52,19,2,295,8
05:01,79,84,2,347,4
05:05,79,37,2,300,8
05:08,95,77,1,369,4
05:12,41,92,1,305,8
05:15,96,57,2,228,4
05:18,131,76,2,95,8
05:22,50,43,1,7,2
05:25,101,55,2,273,4
05:29,131,55,2,226,8
05:32,48,44,1,61,1
05:36,63,59,2,374,2
05:39,77,78,2,143,4
05:42,92,58,1,164,8
05:46,60,37,1,222,2
05:49,31,11,2,57,24
05:53,45,31,2,219,1
05:56,131,88,33,268,24
06:00,70,78,4,192,4
06:02,120,55,3,231,8
06:05,114,68,4,108,8
06:08,17,84,1,244,8
06:11,61,36,1,255,4
06:14,91,17,4,180,8
06:17,86,56,2,399,4
06:20,58,75,4,267,8
06:22,49,63,1,399,4
06:25,64,92,2,128,8
06:28,72,35,2,246,2
06:31,88,53,1,152,4
06:34,141,97,3,79,8
06:37,46,37,3,268,1
06:40,54,43,2,176,2
06:42,82,78,3,147,4
06:45,79,81,4,342,8
06:48,72,67,1,328,24
06:51,56,46,3,287,2
06:54,123,21,3,9,8
06:57,58,42,4,27,1
07:00,148,5,4,213,8
07:02,122,61,1,184,8
07:05,92,28,4,190,8
07:08,64,73,1,90,4
07:11,74,97,3,95,8
07:14,48,63,4,277,4
07:17,28,25,1,95,8
07:20,96,64,4,253,4
07:22,7,44,3,347,8
07:25,65,50,2,210,2
07:28,51,48,3,267,4
07:31,78,43,3,184,8
07:34,47,40,2,151,1
07:37,62,55,4,375,2
07:40,59,67,3,87,4
07:42,1,46,2,90,8
07:45,51,57,3,130,2
07:48,58,39,3,219,1
07:51,52,36,4,272,1
07:54,53,43,1,170,1
07:57,130,70,62,44,24
08:00,71,33,3,2,2
08:07,58,35,1,120,1
08:15,57,44,2,64,2
08:22,62,82,3,122,4
08:30,58,42,3,12,1
08:37,53,58,3,265,2
08:45,76,70,3,217,4
08:52,59,42,2,380,1
09:00,65,35,1,323,2
09:07,80,87,1,390,4
09:15,123,75,1,181,8
09:22,54,34,2,106,1
09:30,74,30,2,209,2
09:37,79,77,1,168,4
09:45,147,17,2,304,8
09:52,139,31,27,11,8
10:00,56,41,3,164,1
10:05,68,38,3,324,2
10:10,63,75,3,360,4
10:15,19,88,3,361,8
10:20,50,73,3,304,4
10:25,68,36,1,196,2
10:30,49,43,3,267,1
10:35,67,37,3,218,2
10:40,51,49,2,184,4
10:45,49,37,1,76,1
10:50,54,56,2,257,2
10:55,60,81,3,40,4
11:00,45,38,3,357,1
11:05,45,52,3,59,2
11:10,54,89,2,324,4
11:15,113,94,1,202,8
11:20,54,38,3,354,1
11:25,68,42,1,259,2
11:30,46,54,3,281,4
11:35,142,55,3,202,8
11:40,49,36,1,93,1
11:45,49,37,2,151,2
11:50,92,41,3,71,4
11:55,57,58,30,355,24
12:00,97,10,1,231,8
12:01,28,74,1,76,24
12:03,49,33,1,119,2
12:05,56,37,1,216,1
12:07,72,45,1,227,2
12:09,82,78,1,132,4
12:11,50,43,1,320,1
12:12,67,58,1,74,2
12:14,95,84,1,79,4
12:16,49,42,1,67,1
12:18,45,32,1,344,2
12:20,73,54,1,68,4
12:22,91,27,1,290,8
12:24,56,37,1,128,1
12:25,48,40,1,114,2
12:27,62,33,1,343,4
12:29,136,15,1,125,8
12:31,52,37,1,107,1
12:33,45,32,1,196,2
12:35,47,71,1,99,4
12:37,22,16,1,184,8
12:38,72,37,1,334,2
12:40,45,51,1,32,2
12:42,54,35,1,211,1
12:44,63,47,1,67,2
12:46,52,67,1,378,4
12:48,55,37,1,273,1
12:49,60,30,1,258,2
12:51,93,64,1,345,4
12:53,59,36,1,111,1
12:55,71,48,1,296,2
12:57,52,34,1,289,4
12:59,126,84,1,179,8
13:01,51,32,1,13,1
13:02,69,35,1,251,2
13:04,96,84,1,337,4
13:06,139,81,1,268,8
13:08,56,41,1,74,1
13:10,49,37,1,19,2
13:12,94,89,1,88,4
13:14,92,62,1,349,8
13:15,65,46,1,256,2
13:17,74,48,1,288,2
13:19,58,32,1,222,1
13:21,55,59,1,359,2
13:23,65,35,1,342,4
13:25,59,34,1,324,1
13:26,65,50,1,222,2
13:28,81,60,1,11,4
13:30,51,44,1,104,1
13:32,57,39,1,313,2
13:34,99,65,1,148,4
13:36,65,19,1,19,8
13:38,58,38,1,141,1
13:39,67,31,1,289,2
13:41,85,85,1,21,4
13:43,121,53,1,201,8
13:45,49,43,1,13,1
13:47,49,38,1,331,2
13:49,64,63,1,208,4
13:51,139,3,1,182,8
13:52,78,56,1,67,24
13:54,57,59,1,46,2
13:56,46,44,1,370,1
13:58,48,70,64,73,4
14:00,61,38,1,182,2
14:01,75,76,1,220,4
14:02,55,38,1,128,1
14:03,57,47,1,333,2
14:05,62,83,1,21,4
14:06,46,34,1,387,1
14:07,64,30,1,301,2
14:09,53,51,1,309,4
14:10,40,40,1,47,8
14:11,58,43,1,176,1
14:13,59,33,1,131,2
14:14,48,72,1,174,4
14:15,66,98,1,3,8
14:17,56,31,1,156,1
14:18,50,47,1,2,2
14:19,57,33,1,231,4
14:21,10,36,1,351,8
14:22,56,43,1,90,2
14:23,59,58,1,139,2
14:25,58,32,1,137,1
14:26,67,58,1,189,2
14:27,103,84,1,391,4
14:29,57,36,1,20,1
14:30,62,59,1,399,2
14:31,73,52,1,257,4
14:33,59,37,1,151,1
14:34,62,40,1,396,2
14:35,76,62,1,328,4
14:36,149,26,1,377,8
14:38,50,44,1,376,1
14:39,72,50,1,72,2
14:40,101,47,1,25,4
14:42,22,24,1,176,8
14:43,55,34,1,349,1
14:44,68,57,1,348,2
14:46,96,70,1,116,4
14:47,24,61,1,170,8
14:48,47,35,1,54,1
14:50,45,44,1,179,2
14:51,57,41,1,90,1
14:52,64,52,1,89,2
14:54,78,52,1,60,4
14:55,57,44,1,278,1
14:56,60,49,1,148,2
14:58,94,80,1,259,4
14:59,48,37,1,242,1
15:00,71,40,1,193,2
15:02,70,58,1,249,4
15:03,125,69,1,72,8
15:04,53,31,1,185,1
15:06,60,43,1,283,2
15:07,65,45,1,294,4
15:08,99,93,1,274,8
15:09,48,35,1,249,1
15:11,45,52,1,395,2
15:12,45,55,1,348,4
15:13,93,91,1,245,8
15:15,61,57,1,108,2
15:16,68,54,1,153,2
15:17,47,34,1,241,1
15:19,63,53,1,200,2
15:20,88,46,1,354,4
15:21,49,41,1,163,1
15:23,49,40,1,393,2
15:24,101,75,1,115,4
15:25,49,37,1,367,1
15:27,62,45,1,114,2
15:28,80,49,1,283,4
15:29,70,19,1,9,8
15:31,52,38,1,7,1
15:32,59,54,1,165,2
15:33,72,77,1,282,4
15:35,84,29,1,244,8
15:36,58,41,1,146,1
15:37,58,53,1,115,2
15:39,87,71,1,290,4
15:40,26,31,1,276,8
15:41,59,44,1,236,2
15:42,55,45,1,242,2
15:44,56,40,1,158,1
15:45,63,53,1,122,2
15:46,58,86,1,78,4
15:48,46,36,1,291,1
15:49,72,32,1,185,2
15:50,59,58,1,55,4
15:52,56,34,1,187,1
15:53,69,48,1,386,2
15:54,66,67,1,117,4
15:56,132,27,1,200,8
15:57,51,30,1,219,1
15:58,57,85,84,363,4
16:00,50,35,2,261,1
16:02,51,41,2,137,2
16:04,47,79,2,244,4
16:07,47,44,1,233,1
16:09,74,36,2,68,2
16:12,93,44,1,328,4
16:14,55,35,1,387,1
16:17,68,52,2,368,2
16:19,94,65,1,237,4
16:22,138,58,1,221,8
16:24,53,34,1,16,1
16:26,62,34,2,357,2
16:29,46,43,2,184,4
16:31,100,10,1,220,8
16:34,58,31,1,251,1
16:36,56,36,2,146,2
16:39,73,72,2,44,4
16:41,34,67,2,231,8
16:44,46,50,2,219,2
16:46,36,20,2,275,8
16:49,45,33,1,57,1
16:51,54,43,1,100,2
16:53,84,77,1,95,4
16:56,48,32,2,274,1
16:58,52,30,2,181,2
17:01,48,48,2,203,4
17:03,58,36,2,47,1
17:06,55,57,2,227,2
17:08,94,49,1,398,4
17:11,122,68,2,298,8
17:13,58,44,1,59,1
17:15,61,43,1,35,2
17:18,94,62,2,125,4
17:20,22,38,2,353,8
17:23,50,38,1,307,1
17:25,62,49,2,3,2
17:28,56,71,1,30,4
17:30,61,70,2,399,8
17:33,46,73,2,291,8
17:35,46,82,1,119,4
17:38,52,33,1,380,1
17:40,72,56,2,8,2
17:42,49,83,1,397,4
17:45,50,36,2,178,1
17:47,46,32,1,231,2
17:50,75,50,2,106,4
17:52,53,34,2,258,1
17:55,66,59,2,99,2
17:57,55,37,55,57,1
18:00,71,61,1,243,4
18:01,36,55,1,225,8
18:03,57,30,2,308,1
18:05,61,53,1,214,2
18:07,79,64,1,330,4
18:09,1,41,2,9,8
18:11,53,38,2,344,1
18:13,50,57,1,226,2
18:15,65,39,2,226,4
18:17,118,95,1,252,8
18:19,50,40,1,382,1
18:21,57,37,2,19,1
18:23,55,40,1,201,1
18:25,60,52,2,339,2
18:27,47,88,1,159,4
18:29,49,39,2,182,1
18:31,53,30,2,314,2
18:32,68,54,1,180,4
18:34,59,31,2,49,1
18:36,53,32,2,314,2
18:38,46,78,2,151,4
18:40,38,39,2,86,8
18:42,47,30,2,283,1
18:44,60,59,1,40,2
18:46,55,32,2,196,4
18:48,3,31,1,145,8
18:50,57,35,1,333,1
18:52,64,58,2,314,2
18:54,104,43,1,356,4
18:56,118,58,1,259,8
18:58,82,57,2,175,4
19:00,130,34,1,228,8
19:02,59,44,1,226,1
19:04,71,59,1,233,2
19:05,54,50,1,311,4
19:07,45,35,1,327,1
19:09,46,58,2,141,2
19:11,56,61,2,346,4
19:13,46,31,1,68,1
19:15,67,41,2,30,2
19:17,102,73,2,265,4
19:19,4,75,1,78,8
19:21,47,34,2,185,1
19:23,73,49,1,298,2
19:25,50,41,1,100,4
19:27,9,68,2,144,8
19:29,59,34,2,367,1
19:31,53,37,1,376,2
19:33,74,41,1,135,4
19:35,1,46,1,348,8
19:37,88,77,1,389,4
19:38,47,74,2,67,4
19:40,51,42,1,42,1
19:42,62,51,1,143,2
19:44,76,35,2,143,4
19:46,45,36,2,36,1
19:48,72,52,1,292,2
19:50,94,41,2,195,4
19:52,59,32,1,65,1
19:54,65,38,2,217,2
19:56,82,32,2,190,4
19:58,60,40,56,334,24
20:00,60,97,2,396,8
20:03,53,35,1,13,1
20:07,48,36,1,30,2
20:11,87,38,1,93,4
20:15,54,25,2,164,8
20:19,51,42,1,158,1
20:23,68,39,2,27,2
20:27,77,32,1,377,4
20:30,121,37,1,23,8
20:34,94,62,2,397,4
20:38,9,8,1,93,8
20:42,45,42,2,391,1
20:46,70,46,1,269,2
20:50,69,67,1,40,4
20:54,45,36,1,72,1
20:58,65,52,1,114,2
21:01,98,85,1,124,4
21:05,57,36,1,216,1
21:09,66,46,1,321,2
21:13,55,70,1,75,4
21:17,118,94,1,155,8
21:21,52,31,1,22,1
21:25,49,38,2,235,2
21:29,81,73,2,366,4
21:32,64,80,1,162,8
21:36,50,44,2,257,1
21:40,53,30,1,96,2
21:44,53,72,1,16,4
21:48,93,8,1,84,8
21:52,71,49,1,148,2
21:56,124,6,52,342,8
22:00,47,33,2,333,1
22:10,48,33,1,246,1
22:21,54,55,3,124,2
22:32,88,65,1,219,4
22:43,52,43,1,39,1
22:54,59,55,1,351,2
23:05,84,62,3,380,4
23:16,46,38,2,312,1
23:27,60,34,3,174,2
23:38,78,80,1,169,4
23:49,113,28,16,358,8
