00:00,27,11,3,305,8
00:09,77,33,2,141,8
00:18,4,10,1,261,8
00:27,99,74,2,260,4
00:36,78,21,2,363,8
00:46,75,69,2,106,4
00:55,134,34,3,21,8
01:04,103,67,4,232,4
01:13,104,10,1,108,8
01:23,57,40,4,147,2
01:32,48,66,4,191,4
01:41,25,51,1,66,8
01:50,55,39,24,320,2
02:00,46,33,1,112,1
02:06,67,33,2,136,2
02:12,91,46,1,328,4
02:18,117,39,1,386,8
02:24,118,95,2,61,24
02:30,59,39,1,302,1
02:36,57,17,1,21,24
02:42,52,41,1,14,1
02:48,120,15,1,383,8
02:54,85,15,1,33,8
03:00,129,82,2,25,8
03:06,53,67,2,116,4
03:12,131,17,2,173,8
03:18,55,43,1,356,4
03:24,31,26,1,348,8
03:30,48,54,2,145,4
03:36,110,48,2,177,8
03:42,60,53,2,59,2
03:48,85,38,1,60,4
03:54,48,42,26,203,1
04:00,125,15,4,393,8
04:05,58,39,1,112,1
04:10,69,32,4,379,2
04:15,101,44,3,88,4
04:20,126,64,2,160,8
04:25,53,31,2,234,1
04:30,59,45,3,204,2
04:35,54,44,3,237,1
04:40,62,28,2,179,8
04:45,133,40,3,144,8
04:50,91,81,1,335,8
04:55,87,49,4,309,8
05:00,58,34,3,188,4
05:05,68,95,1,252,8
05:10,50,84,3,289,4
05:15,60,32,1,304,8
05:20,49,67,3,252,4
05:25,25,88,1,7,8
05:30,58,51,2,186,2
05:35,93,88,3,342,4
05:40,1,78,2,392,8
05:45,46,38,2,112,1
05:50,53,31,2,163,2
05:55,81,61,52,286,4
06:00,69,52,2,258,4
06:01,53,13,2,188,8
06:03,55,54,1,154,4
06:05,91,85,2,187,4
06:07,47,46,2,376,4
06:09,43,56,2,107,24
06:11,142,18,1,42,8
06:13,33,26,2,137,8
06:15,68,53,2,41,8
06:16,57,39,1,165,4
06:18,42,61,1,52,8
06:20,96,59,3,217,4
06:22,93,21,3,246,8
06:24,57,31,3,174,4
06:26,14,35,1,400,8
06:28,50,38,1,98,2
06:30,76,70,2,266,4
06:31,65,24,1,190,8
06:33,55,38,3,293,1
06:35,70,31,3,202,2
06:37,90,34,3,86,4
06:39,125,46,3,39,8
06:41,63,18,3,85,8
06:43,98,89,2,141,24
06:45,37,74,2,235,24
06:46,83,78,1,294,4
06:48,127,19,2,131,8
06:50,3,15,3,49,8
06:52,127,36,3,263,8
06:54,53,76,2,296,4
06:56,132,5,1,245,8
06:58,59,82,1,266,4
07:00,102,56,3,46,8
07:02,98,38,3,399,4
07:03,70,24,2,324,8
07:05,68,36,2,158,2
07:07,77,86,1,162,4
07:09,86,32,3,399,8
07:11,59,34,3,13,1
07:13,66,54,1,115,2
07:15,93,80,1,163,4
07:17,118,18,1,113,8
07:18,66,49,1,196,2
07:20,65,59,1,292,2
07:22,14,83,2,62,24
07:24,52,36,3,131,1
07:26,132,31,1,55,8
07:28,4,76,2,4,8
07:30,19,41,2,396,8
07:32,59,69,2,68,4
07:33,104,57,1,171,8
07:35,84,59,1,400,4
07:37,18,5,3,57,8
07:39,68,60,2,261,4
07:41,91,20,1,395,8
07:43,51,34,3,252,2
07:45,70,70,3,262,4
07:47,6,86,3,394,8
07:49,58,34,2,204,1
07:50,68,58,2,350,2
07:52,55,63,1,111,4
07:54,145,61,3,261,8
07:56,78,65,1,216,4
07:58,104,89,94,187,4
08:00,62,37,1,251,2
08:03,49,42,2,84,1
08:06,56,58,2,49,2
08:09,64,62,1,163,4
08:13,51,42,2,43,1
08:16,66,34,2,32,2
08:19,47,44,2,287,4
08:23,46,32,2,311,1
08:26,47,32,1,380,2
08:29,58,60,1,191,4
08:33,4,13,1,153,8
08:36,57,31,1,183,1
08:39,57,45,1,390,2
08:43,62,46,2,23,4
08:46,84,52,1,143,8
08:49,50,30,2,256,1
08:53,72,53,2,100,2
08:56,91,73,2,59,4
08:59,1,43,1,162,8
09:03,55,68,2,160,24
09:06,45,40,2,170,2
09:09,53,44,2,354,1
09:13,45,30,1,118,2
09:16,81,78,1,189,4
09:19,48,32,2,151,1
09:23,47,49,2,378,2
09:26,89,83,1,93,4
09:29,48,44,2,57,1
09:33,55,31,2,278,2
09:36,91,64,1,15,4
09:39,58,79,2,11,8
09:43,54,38,2,245,1
09:46,54,35,2,112,2
09:49,79,41,1,76,4
09:53,52,44,1,271,8
09:56,50,30,16,181,2
10:00,50,37,3,146,1
10:03,48,44,1,295,2
10:07,53,57,3,391,4
10:10,33,26,1,233,8
10:14,73,37,1,126,4
10:17,62,49,1,351,2
10:21,46,38,2,353,1
10:24,56,45,1,36,2
10:28,53,59,1,351,4
10:31,45,43,2,51,1
10:35,57,58,3,123,2
10:38,100,52,2,202,4
10:42,46,30,1,48,1
10:45,47,41,3,2,2
10:49,45,45,2,209,4
10:52,76,2,2,375,8
10:56,57,34,1,149,1
11:00,52,41,3,381,2
11:03,99,71,3,143,4
11:07,82,1,1,301,8
11:10,54,37,3,110,1
11:14,53,37,2,185,2
11:17,83,41,3,175,4
11:21,134,20,1,123,8
11:24,63,37,1,217,2
11:28,67,34,1,196,2
11:31,56,34,1,130,1
11:35,57,39,2,43,2
11:38,69,82,2,67,4
11:42,56,33,2,287,1
11:45,62,41,1,367,2
11:49,70,41,1,88,4
11:52,52,35,2,13,1
11:56,74,59,50,354,2
12:00,64,58,1,275,2
12:01,57,41,1,36,4
12:03,128,91,2,285,8
12:04,52,36,1,368,1
12:06,63,52,1,160,2
12:07,45,43,2,325,4
12:09,85,93,2,87,8
12:10,47,36,1,207,1
12:12,48,44,2,187,2
12:13,45,60,2,32,4
12:15,52,37,2,306,8
12:16,51,30,2,299,4
12:18,68,34,1,279,2
12:20,49,33,1,52,1
12:21,48,37,2,330,2
12:23,93,76,2,395,4
12:24,53,43,1,385,1
12:26,61,50,1,121,2
12:27,102,40,1,151,4
12:29,55,35,1,251,1
12:30,68,55,1,107,2
12:32,66,46,1,114,4
12:33,113,78,2,267,8
12:35,56,32,1,163,1
12:36,60,48,1,269,2
12:38,47,52,1,139,4
12:40,10,14,2,231,8
12:41,58,35,2,149,1
12:43,69,31,2,297,2
12:44,88,46,2,211,4
12:46,101,99,1,133,8
12:47,144,61,2,244,24
12:49,55,38,2,222,2
12:50,56,40,1,277,1
12:52,45,35,2,328,2
12:53,88,37,1,204,4
12:55,46,34,1,50,1
12:56,65,42,1,184,2
12:58,98,30,1,136,4
13:00,46,39,1,369,1
13:01,67,39,2,302,2
13:03,96,48,2,363,4
13:04,71,99,1,344,8
13:06,50,32,2,29,1
13:07,63,51,1,50,2
13:09,71,45,2,76,4
13:10,102,61,1,211,8
13:12,56,32,2,340,1
13:13,69,30,1,358,2
13:15,98,64,2,81,4
13:16,148,12,2,201,8
13:18,47,36,1,306,1
13:20,65,38,1,261,2
13:21,49,38,1,282,1
13:23,51,40,2,341,2
13:24,73,38,1,375,4
13:26,52,33,1,367,1
13:27,57,38,1,118,2
13:29,92,32,2,223,4
13:30,59,41,1,356,1
13:32,50,55,2,169,2
13:33,50,80,1,111,4
13:35,30,48,2,180,8
13:37,45,40,2,246,1
13:38,66,56,1,344,2
13:40,49,78,2,120,4
13:41,122,45,2,84,8
13:43,46,30,2,197,1
13:44,65,54,1,84,2
13:46,48,64,2,338,4
13:47,66,51,2,367,8
13:49,47,96,1,234,8
13:50,61,59,2,101,2
13:52,59,33,1,180,1
13:53,64,41,2,370,2
13:55,90,83,1,195,4
13:57,52,30,2,343,1
13:58,54,89,50,269,4
14:00,64,52,1,56,2
14:01,99,63,2,258,4
14:03,56,38,2,387,1
14:04,61,34,2,16,2
14:06,78,72,2,124,4
14:07,86,70,1,248,8
14:09,54,42,2,27,1
14:10,53,56,1,39,2
14:12,90,72,2,306,4
14:13,22,96,1,368,8
14:15,52,44,2,320,1
14:16,71,34,1,340,2
14:18,94,85,1,162,4
14:20,148,97,2,136,8
14:21,25,39,1,176,8
14:23,49,51,1,80,2
14:24,45,36,1,166,1
14:26,68,34,2,352,2
14:27,81,84,2,338,4
14:29,57,30,1,399,1
14:30,49,47,1,214,2
14:32,51,51,2,87,4
14:33,56,33,2,103,1
14:35,61,58,1,148,2
14:36,54,83,2,80,4
14:38,41,51,1,129,8
14:40,52,39,2,209,1
14:41,53,32,2,381,2
14:43,77,48,1,15,4
14:44,88,41,1,65,8
14:46,49,31,1,65,1
14:47,68,41,2,351,2
14:49,80,89,2,350,4
14:50,91,96,2,186,8
14:52,69,31,1,158,2
14:53,58,46,2,330,2
14:55,56,36,1,347,1
14:56,51,37,1,103,2
14:58,86,61,2,390,4
15:00,50,33,1,258,1
15:01,67,58,2,54,2
15:03,66,81,2,145,4
15:04,55,33,1,164,1
15:06,54,38,1,253,2
15:07,86,80,1,223,4
15:09,5,94,1,353,8
15:10,59,42,1,28,1
15:12,58,41,2,9,2
15:13,104,69,2,317,4
15:15,52,26,2,210,8
15:16,57,39,2,148,1
15:18,72,40,2,89,2
15:20,75,63,1,141,4
15:21,127,77,2,56,8
15:23,69,30,1,199,2
15:24,71,52,2,121,2
15:26,57,43,1,316,1
15:27,58,46,1,37,2
15:29,46,57,2,281,4
15:30,46,39,2,155,1
15:32,50,32,2,377,2
15:33,76,81,1,122,4
15:35,58,34,1,387,1
15:37,62,50,1,309,2
15:38,91,70,1,10,4
15:40,100,71,2,41,8
15:41,47,33,2,292,1
15:43,48,33,1,387,2
15:44,53,84,2,250,4
15:46,136,89,1,9,8
15:47,49,32,1,21,1
15:49,68,36,1,368,2
15:50,64,75,1,236,4
15:52,38,74,2,261,8
15:53,59,36,1,205,2
15:55,60,43,2,114,2
15:57,46,36,2,278,1
15:58,1,59,105,111,24
16:00,58,35,2,241,1
16:01,48,45,2,358,2
16:03,98,34,1,46,4
16:04,56,39,1,351,1
16:06,72,54,2,139,2
16:08,64,49,2,345,4
16:09,48,30,2,229,1
16:11,73,59,1,93,2
16:12,59,67,1,100,4
16:14,76,26,1,259,8
16:16,56,36,2,298,1
16:17,55,46,1,203,2
16:19,51,61,2,378,4
16:20,132,8,1,326,8
16:22,50,41,2,75,1
16:24,59,39,2,1,2
16:25,67,60,1,46,4
16:27,34,1,1,379,8
16:28,46,43,2,39,1
16:30,50,35,2,187,2
16:32,56,37,1,112,1
16:33,65,33,1,188,2
16:35,86,60,1,259,4
16:36,55,40,2,17,1
16:38,58,44,2,152,2
16:40,79,46,1,99,4
16:41,54,37,1,52,1
16:43,50,47,2,281,2
16:44,59,78,1,203,4
16:46,103,96,2,259,8
16:48,52,38,1,32,1
16:49,56,58,1,239,2
16:51,55,35,1,199,4
16:52,136,31,1,201,8
16:54,57,38,1,182,1
16:56,66,57,1,141,2
16:57,87,66,2,340,4
16:59,15,37,2,115,8
17:00,101,51,2,290,4
17:02,66,37,1,34,2
17:04,53,40,2,382,1
17:05,52,44,1,71,2
17:07,99,39,2,240,4
17:08,45,42,1,26,1
17:10,53,33,2,141,2
17:12,77,84,1,286,4
17:13,47,37,1,155,1
17:15,45,59,2,136,2
17:16,103,86,2,182,4
17:18,85,5,1,185,8
17:20,52,41,2,349,1
17:21,73,36,2,245,2
17:23,99,71,2,234,4
17:24,88,36,2,228,8
17:26,48,44,2,246,1
17:28,50,48,2,81,2
17:29,45,31,1,24,4
17:31,7,96,1,204,8
17:32,145,9,2,299,8
17:34,63,31,2,189,2
17:36,47,43,1,88,1
17:37,53,55,2,330,2
17:39,90,84,2,392,4
17:40,51,34,1,80,1
17:42,65,35,1,194,2
17:44,81,78,2,12,4
17:45,59,31,2,74,1
17:47,59,50,1,77,2
17:48,98,68,2,39,4
17:50,8,83,2,28,8
17:52,47,30,1,147,1
17:53,52,43,2,208,2
17:55,90,60,2,250,4
17:56,53,21,2,115,8
17:58,46,81,48,43,4
18:00,53,39,2,116,1
18:01,54,45,2,126,2
18:03,47,65,1,142,4
18:04,38,35,1,184,8
18:06,89,83,1,41,24
18:08,51,58,2,28,2
18:09,51,32,1,99,1
18:11,62,44,2,296,2
18:13,56,50,1,174,4
18:14,55,37,2,276,1
18:16,56,47,2,295,2
18:18,53,79,2,365,4
18:19,50,37,2,200,1
18:21,74,33,1,294,2
18:22,92,37,1,16,4
18:24,140,39,1,2,8
18:26,52,42,1,301,1
18:27,46,37,2,37,2
18:29,68,44,2,350,4
18:31,55,64,2,68,8
18:32,57,35,1,192,1
18:34,67,32,2,36,2
18:36,72,65,1,386,4
18:37,9,71,1,380,8
18:39,52,30,2,325,1
18:40,141,69,1,376,8
18:42,55,41,1,140,1
18:44,51,48,1,220,2
18:45,57,39,1,250,4
18:47,46,42,2,36,1
18:49,51,51,1,394,2
18:50,45,33,1,223,4
18:52,53,37,1,316,1
18:54,73,42,2,165,2
18:55,59,80,1,61,4
18:57,64,1,2,77,8
18:59,57,35,1,278,1
19:00,65,32,1,193,2
19:02,62,30,2,43,4
19:03,129,39,2,169,8
19:05,48,33,1,105,1
19:07,73,36,2,329,2
19:08,99,78,1,180,4
19:10,144,44,2,144,8
19:12,52,35,1,321,2
19:13,132,17,1,366,24
19:15,49,44,2,235,1
19:17,71,32,1,117,2
19:18,68,73,2,308,4
19:20,50,30,1,239,1
19:21,50,56,2,318,2
19:23,65,89,2,352,4
19:25,59,41,2,379,1
19:26,67,31,1,219,2
19:28,50,61,2,308,4
19:30,30,70,1,253,8
19:31,56,30,1,89,1
19:33,46,31,1,370,2
19:35,48,88,2,354,4
19:36,100,21,2,105,8
19:38,57,40,2,64,1
19:40,69,46,1,290,2
19:41,96,81,2,149,4
19:43,16,43,2,264,8
19:44,19,66,2,207,24
19:46,58,35,2,332,1
19:48,53,32,2,36,1
19:49,57,54,1,49,2
19:51,73,46,1,135,4
19:53,52,42,1,302,1
19:54,55,54,2,151,2
19:56,97,32,2,1,4
19:58,57,40,74,67,1
20:00,51,42,1,371,1
20:02,47,31,1,333,2
20:04,74,32,2,88,4
20:07,30,69,1,54,8
20:09,48,44,1,30,1
20:11,58,47,2,316,2
20:14,87,78,2,140,4
20:16,98,93,1,20,8
20:18,46,31,2,392,1
20:21,50,33,1,10,2
20:23,45,85,2,256,4
20:25,17,20,1,1,8
20:28,148,18,1,46,8
20:30,70,40,1,317,2
20:32,58,44,2,210,1
20:35,53,39,1,26,2
20:37,52,77,2,255,4
20:39,58,42,1,355,1
20:42,51,55,2,285,2
20:44,89,45,2,73,4
20:46,47,36,1,217,1
20:49,74,45,1,72,2
20:51,97,52,2,94,4
20:54,61,79,1,128,8
20:56,51,39,2,272,1
20:58,73,55,1,214,2
21:01,99,47,1,87,4
21:03,88,71,1,105,8
21:05,50,43,1,207,1
21:08,70,42,2,379,2
21:10,100,73,2,67,4
21:12,56,32,2,211,8
21:15,118,48,2,305,8
21:17,48,50,2,172,2
21:19,45,30,1,36,1
21:22,62,39,1,83,2
21:24,76,34,2,377,4
21:26,46,38,2,122,1
21:29,64,38,2,174,2
21:31,49,42,2,317,4
21:33,52,39,2,309,1
21:36,51,50,2,51,2
21:38,92,57,2,160,4
21:41,132,24,1,248,8
21:43,47,31,1,393,1
21:45,56,36,2,372,2
21:48,48,75,1,326,4
21:50,91,91,1,262,8
21:52,48,35,1,92,1
21:55,48,52,1,295,2
21:57,50,9,38,17,24
22:00,70,87,1,272,4
22:07,5,39,2,43,8
22:14,147,73,2,265,8
22:21,46,32,2,144,1
22:28,46,31,1,136,1
22:35,66,56,2,13,2
22:42,80,83,1,351,4
22:49,56,41,2,90,1
22:56,70,51,2,211,2
23:03,73,76,1,265,4
23:10,49,36,2,361,1
23:17,45,32,1,244,2
23:24,96,76,2,372,4
23:31,25,98,2,337,8
23:38,57,37,2,15,1
23:45,60,53,1,40,2
23:52,32,85,18,80,8
