00:00,9,85,1,204,8
00:09,116,26,1,102,8
00:18,50,75,2,305,8
00:27,103,79,1,363,4
00:36,79,33,3,20,8
00:46,98,76,1,306,4
00:55,42,33,1,102,8
01:04,77,58,1,275,4
01:13,149,61,1,329,8
01:23,56,38,2,247,2
01:32,81,67,2,334,4
01:41,3,18,3,107,8
01:50,108,44,25,369,24
02:00,50,42,2,64,1
02:10,65,53,2,154,2
02:21,49,34,3,266,4
02:32,130,44,4,51,8
02:43,83,57,4,283,4
02:54,87,49,4,77,4
03:05,87,77,2,122,24
03:16,87,39,2,125,24
03:27,91,80,1,231,8
03:38,5,54,4,36,8
03:49,55,31,16,296,2
04:00,49,19,1,37,8
04:03,57,43,2,315,4
04:07,136,34,2,141,8
04:10,80,41,2,212,4
04:14,122,26,1,256,8
04:18,69,83,2,93,4
04:21,41,94,2,281,8
04:25,55,59,2,345,2
04:29,47,54,2,100,4
04:32,8,26,1,217,8
04:36,47,32,2,138,1
04:40,56,54,1,222,2
04:43,99,69,1,40,4
04:47,2,8,1,61,8
04:50,46,51,1,202,2
04:54,60,34,2,220,8
04:58,51,52,1,22,2
05:01,45,55,1,386,2
05:05,55,69,1,376,8
05:09,107,42,2,352,8
05:12,7,38,2,15,8
05:16,46,80,1,35,4
05:20,109,80,2,33,8
05:23,50,30,1,245,4
05:27,22,94,2,130,8
05:31,96,76,2,110,4
05:34,72,89,1,278,8
05:38,71,54,2,352,2
05:41,63,31,2,210,4
05:45,75,39,2,26,8
05:49,48,43,1,2,1
05:52,69,59,1,290,2
05:56,60,56,39,334,2
06:00,58,73,1,318,4
06:02,43,41,1,238,8
06:05,53,38,4,303,4
06:08,75,45,2,262,24
06:11,130,1,1,345,24
06:14,34,40,4,325,8
06:17,12,36,3,290,8
06:20,115,13,1,333,8
06:23,77,26,1,226,8
06:26,104,60,1,358,4
06:29,7,24,4,249,8
06:32,67,37,3,58,4
06:35,39,8,2,227,8
06:38,94,31,2,358,4
06:41,1,14,1,194,8
06:43,72,34,4,383,2
06:46,89,82,4,76,4
06:49,9,39,3,74,8
06:52,52,33,4,183,1
06:55,70,30,1,321,2
06:58,70,62,4,396,4
07:01,40,46,4,78,8
07:04,99,50,2,134,4
07:07,45,39,3,124,2
07:10,127,57,1,94,8
07:13,57,39,4,25,1
07:16,36,69,3,94,8
07:19,148,59,3,57,8
07:22,91,32,1,171,8
07:24,96,83,2,55,4
07:27,111,45,1,351,8
07:30,84,31,4,110,4
07:33,92,16,4,10,8
07:36,87,48,3,160,4
07:39,140,5,4,268,8
07:42,73,38,4,293,2
07:45,67,38,3,170,4
07:48,81,70,3,143,8
07:51,46,35,1,117,1
07:54,52,54,3,45,2
07:57,147,81,72,40,24
08:00,68,53,1,334,2
08:04,53,30,1,258,1
08:08,51,41,1,228,2
08:12,92,44,1,227,4
08:16,48,39,1,114,1
08:20,61,41,1,49,2
08:24,46,53,1,370,4
08:28,58,44,1,373,1
08:32,48,47,1,378,2
08:36,70,66,1,375,4
08:40,68,76,1,133,8
08:44,58,36,1,265,1
08:48,68,32,1,191,2
08:52,83,56,1,185,4
08:56,144,65,1,41,8
09:00,48,41,1,78,1
09:04,51,57,1,280,2
09:08,46,73,1,312,4
09:12,36,91,1,18,8
09:16,88,44,1,306,24
09:20,59,37,1,196,2
09:24,52,33,1,122,1
09:28,55,50,1,195,2
09:32,87,36,1,97,4
09:36,53,43,1,259,1
09:40,60,58,1,181,2
09:44,85,66,1,184,4
09:48,56,37,1,77,1
09:52,61,38,1,29,2
09:56,56,56,29,161,2
10:00,68,36,1,187,4
10:03,34,72,2,201,8
10:07,48,31,2,210,1
10:11,71,32,2,271,2
10:15,85,75,1,21,4
10:19,105,55,2,150,8
10:23,49,42,2,167,1
10:27,62,59,1,79,2
10:30,79,55,1,15,4
10:34,113,20,2,231,8
10:38,51,41,2,116,1
10:42,73,34,2,223,2
10:46,58,30,2,328,1
10:50,67,58,1,166,2
10:54,50,44,2,88,4
10:58,58,30,1,131,1
11:01,61,49,1,32,2
11:05,60,57,1,65,4
11:09,57,44,2,208,1
11:13,49,45,1,351,2
11:17,76,89,2,278,4
11:21,48,41,1,10,8
11:25,53,41,2,277,1
11:29,54,32,2,251,2
11:32,52,59,2,98,4
11:36,105,76,2,158,8
11:40,57,39,2,269,1
11:44,63,47,2,69,2
11:48,60,74,1,12,4
11:52,140,34,2,63,8
11:56,69,53,40,86,4
12:00,62,40,2,314,2
12:02,50,58,2,8,2
12:05,49,33,1,311,1
12:07,56,48,1,169,2
12:10,82,56,1,375,4
12:12,45,35,1,314,1
12:15,45,56,2,105,2
12:17,55,61,1,347,4
12:20,57,33,2,370,1
12:22,60,36,1,356,2
12:25,58,50,2,119,4
12:28,46,26,2,28,8
12:30,48,38,1,151,1
12:33,58,34,2,183,2
12:35,83,50,2,115,4
12:38,123,2,2,165,8
12:40,57,43,2,105,1
12:43,50,32,1,335,2
12:45,81,50,1,2,4
12:48,1,55,1,332,8
12:50,65,42,1,328,2
12:53,55,36,1,256,2
12:56,55,44,1,341,1
12:58,46,32,2,176,2
13:01,72,55,2,87,4
13:03,55,34,2,57,1
13:06,57,41,2,122,2
13:08,45,42,1,218,4
13:11,55,43,2,216,1
13:13,69,35,1,390,2
13:16,76,88,2,3,4
13:19,87,14,2,333,8
13:21,46,32,1,285,1
13:24,62,50,2,282,2
13:26,88,61,1,344,4
13:29,136,18,1,82,8
13:31,51,39,2,307,1
13:34,69,44,2,95,2
13:36,87,53,2,283,4
13:39,70,91,1,45,8
13:41,26,82,1,96,8
13:44,72,51,2,68,2
13:47,53,42,2,229,1
13:49,61,50,2,381,2
13:52,104,74,1,350,4
13:54,49,42,2,178,1
13:57,25,48,63,49,24
14:00,53,34,1,334,2
14:01,65,30,2,185,4
14:03,48,38,2,3,1
14:05,69,46,2,55,2
14:07,64,55,1,352,4
14:09,124,63,1,69,8
14:11,54,41,1,67,1
14:13,45,43,1,256,2
14:15,61,40,2,292,4
14:16,108,8,2,140,8
14:18,52,39,1,168,1
14:20,65,36,2,284,2
14:22,46,32,2,227,4
14:24,136,31,1,285,8
14:26,54,39,1,164,1
14:28,64,57,2,201,2
14:30,48,41,2,313,1
14:31,54,35,1,291,2
14:33,51,58,2,286,4
14:35,47,42,1,232,1
14:37,66,47,2,151,2
14:39,90,47,1,346,4
14:41,50,35,1,237,1
14:43,68,59,1,107,2
14:45,89,45,2,232,4
14:46,40,23,2,157,8
14:48,50,32,1,311,1
14:50,73,59,1,18,2
14:52,59,72,2,363,4
14:54,10,70,1,387,8
14:56,53,32,1,390,1
14:58,57,35,1,350,2
15:00,81,70,2,282,4
15:02,29,79,1,176,8
15:03,64,30,1,65,2
15:05,73,56,2,249,2
15:07,59,37,2,278,1
15:09,65,50,1,253,2
15:11,96,64,2,326,4
15:13,45,31,1,288,1
15:15,73,53,1,312,2
15:17,102,68,1,378,4
15:18,56,39,1,221,1
15:20,53,43,2,274,2
15:22,84,87,1,170,4
15:24,16,73,2,315,8
15:26,59,41,1,100,1
15:28,58,42,1,337,2
15:30,62,85,1,312,4
15:32,55,47,2,1,8
15:33,57,32,1,184,1
15:35,55,54,2,34,2
15:37,104,36,2,105,4
15:39,99,19,2,20,8
15:41,121,70,1,230,24
15:43,46,52,1,41,2
15:45,45,34,1,130,1
15:47,72,55,2,132,2
15:49,104,68,1,53,4
15:50,48,42,1,1,1
15:52,60,46,1,356,2
15:54,100,63,1,301,4
15:56,48,43,1,236,1
15:58,56,44,93,183,1
16:00,58,32,1,384,1
16:01,52,31,2,106,2
16:03,76,35,1,22,4
16:05,50,35,1,321,1
16:07,73,47,1,282,2
16:09,79,68,1,360,4
16:11,52,40,2,114,1
16:12,62,55,2,15,2
16:14,75,65,2,199,4
16:16,97,22,2,353,8
16:18,49,34,2,267,1
16:20,45,47,1,68,2
16:22,55,71,2,215,4
16:24,12,10,2,215,8
16:25,48,39,1,342,1
16:27,55,45,1,130,2
16:29,91,66,1,132,4
16:31,144,33,1,149,8
16:33,50,16,2,119,24
16:35,59,48,1,249,2
16:37,55,41,1,69,1
16:38,64,49,2,14,2
16:40,68,61,1,378,4
16:42,58,42,1,345,1
16:44,56,32,2,154,2
16:46,67,56,1,235,4
16:48,47,37,1,19,1
16:49,51,54,2,113,2
16:51,70,30,2,251,4
16:53,115,98,1,393,8
16:55,45,43,2,339,1
16:57,69,46,1,107,2
16:59,98,40,1,106,4
17:01,148,92,1,57,8
17:02,54,35,2,240,1
17:04,49,37,2,146,2
17:06,58,36,1,398,4
17:08,58,44,2,354,8
17:10,101,32,1,94,4
17:12,53,69,2,112,4
17:14,48,38,1,234,1
17:15,70,30,2,383,2
17:17,50,41,2,45,4
17:19,58,39,2,166,1
17:21,55,41,1,174,2
17:23,57,77,1,345,4
17:25,47,33,2,87,1
17:26,73,42,2,124,2
17:28,74,52,1,320,4
17:30,76,49,2,359,8
17:32,49,33,1,293,1
17:34,56,45,1,146,2
17:36,63,48,2,239,4
17:38,25,85,1,296,8
17:39,46,31,1,126,1
17:41,57,50,2,171,2
17:43,74,69,1,70,4
17:45,124,19,2,231,8
17:47,89,40,2,87,4
17:49,50,42,1,131,1
17:51,55,43,2,99,1
17:52,72,39,2,351,2
17:54,57,62,1,135,4
17:56,58,32,1,68,1
17:58,45,32,38,199,2
18:00,68,56,1,188,2
18:01,72,70,2,146,4
18:03,59,38,2,237,1
18:05,63,37,2,126,2
18:07,53,52,2,343,4
18:09,77,33,2,346,8
18:11,49,33,2,115,1
18:13,71,55,1,29,2
18:15,92,41,2,3,4
18:17,81,79,2,133,8
18:18,57,33,2,376,1
18:20,47,45,2,372,2
18:22,69,69,2,157,4
18:24,109,76,2,380,8
18:26,82,68,1,12,4
18:28,53,37,2,53,1
18:30,59,33,2,182,1
18:32,60,48,2,245,2
18:34,93,67,1,244,4
18:36,54,36,1,154,1
18:37,55,47,1,340,2
18:39,102,82,1,268,4
18:41,47,38,2,391,1
18:43,56,42,2,364,2
18:45,67,87,2,18,4
18:47,91,67,1,124,8
18:49,46,35,1,254,1
18:51,67,44,1,110,2
18:53,86,83,1,145,4
18:55,30,79,2,275,8
18:56,46,32,1,340,1
18:58,64,34,2,335,2
19:00,81,41,1,14,4
19:02,76,39,1,278,8
19:04,104,21,2,390,24
19:06,47,37,1,318,2
19:08,45,43,1,149,1
19:10,56,58,1,351,2
19:12,56,80,1,316,4
19:14,52,42,2,359,1
19:15,50,33,2,70,2
19:17,95,46,1,229,4
19:19,54,38,2,96,1
19:21,69,43,2,148,2
19:23,74,40,1,223,4
19:25,97,14,1,74,8
19:27,56,39,1,90,1
19:29,68,55,1,90,2
19:31,83,73,2,78,4
19:33,35,29,1,165,8
19:34,55,35,1,105,1
19:36,73,46,1,157,2
19:38,55,78,1,25,4
19:40,21,5,2,13,8
19:42,47,56,1,18,2
19:44,49,30,2,138,1
19:46,53,43,2,386,1
19:48,48,47,2,283,2
19:50,56,34,2,275,4
19:52,49,37,1,319,1
19:53,60,39,2,256,2
19:55,61,36,2,204,4
19:57,32,77,55,304,8
20:00,48,43,2,253,1
20:03,46,58,2,400,2
20:07,46,52,1,360,4
20:10,48,25,2,94,8
20:14,48,44,1,192,1
20:17,53,46,1,306,2
20:21,74,50,1,38,4
20:24,4,20,1,222,8
20:28,50,33,2,189,1
20:31,69,52,2,206,2
20:35,77,59,2,153,4
20:38,85,87,1,239,8
20:42,1,74,1,12,24
20:45,104,64,1,395,4
20:49,50,40,1,101,1
20:52,57,51,1,1,2
20:56,81,86,2,274,4
21:00,55,37,1,263,1
21:03,47,33,2,296,2
21:07,47,88,2,204,4
21:10,58,30,1,108,1
21:14,68,41,1,52,2
21:17,52,30,1,358,4
21:21,84,15,1,384,8
21:24,58,39,1,144,1
21:28,68,34,1,13,2
21:31,81,54,2,336,4
21:35,18,96,2,181,8
21:38,45,40,2,132,1
21:42,70,35,2,322,2
21:45,103,84,2,329,4
21:49,95,35,2,54,8
21:52,123,8,2,325,8
21:56,101,88,43,115,4
22:00,97,61,2,36,4
22:07,56,37,1,193,1
22:14,71,51,1,368,2
22:21,71,46,1,27,4
22:28,55,43,1,353,1
22:35,56,48,2,340,2
22:42,79,75,1,364,4
22:49,51,42,1,105,1
22:56,66,32,1,231,2
23:03,51,89,2,341,4
23:10,53,64,2,184,8
23:17,45,43,1,262,1
23:24,63,40,2,393,2
23:31,47,57,1,193,4
23:38,76,74,1,36,8
23:45,51,43,2,195,1
23:52,57,58,14,32,2
