00:00,88,83,1,155,8
00:03,8,18,1,304,8
00:06,55,14,1,269,8
00:10,47,74,1,17,4
00:13,39,14,1,236,8
00:17,55,84,1,46,4
00:20,89,63,1,199,8
00:24,83,48,1,161,4
00:27,92,50,1,357,8
00:30,53,53,1,230,2
00:34,97,85,1,14,4
00:37,40,89,1,398,8
00:41,47,39,1,160,1
00:44,53,54,1,8,2
00:48,100,39,1,109,4
00:51,53,17,1,247,8
00:54,123,69,1,189,8
00:58,141,1,1,233,24
01:01,141,16,1,55,24
01:05,50,41,1,70,1
01:08,48,43,1,115,8
01:12,30,28,1,238,8
01:15,34,71,1,380,8
01:18,99,37,1,149,4
01:22,70,94,1,204,8
01:25,100,59,1,382,4
01:29,131,75,1,33,8
01:32,79,71,1,48,4
01:36,33,71,1,350,8
01:39,60,57,1,233,2
01:42,96,83,1,44,4
01:46,92,88,1,201,8
01:49,50,30,1,148,1
01:53,45,30,1,60,2
01:56,54,36,30,67,1
02:00,98,80,1,102,4
02:03,32,86,2,103,8
02:07,79,31,1,213,24
02:11,89,70,2,168,8
02:15,93,35,2,295,4
02:18,45,34,1,257,1
02:22,20,73,2,9,8
02:26,129,87,2,224,8
02:30,20,69,2,279,8
02:33,58,45,2,56,4
02:37,85,22,2,107,8
02:41,81,59,2,368,4
02:45,92,57,1,107,8
02:48,57,73,2,74,4
02:52,115,44,2,151,8
02:56,54,37,1,351,2
03:00,94,85,1,52,4
03:03,115,33,2,251,8
03:07,56,31,1,258,1
03:11,62,35,1,12,2
03:15,96,37,2,367,4
03:18,108,27,1,256,8
03:22,78,73,2,299,24
03:26,147,1,1,237,24
03:30,72,34,1,230,2
03:33,72,49,2,375,2
03:37,148,94,2,293,8
03:41,25,83,2,28,8
03:45,107,31,2,351,8
03:48,76,50,2,347,4
03:52,96,13,1,24,8
03:56,62,59,18,303,4
04:00,88,55,1,370,4
04:02,126,87,1,193,8
04:04,61,76,2,365,4
04:06,82,15,1,287,8
04:08,64,44,2,83,2
04:10,66,55,2,344,4
04:12,137,34,2,101,8
04:14,56,38,1,35,1
04:16,64,53,1,395,2
04:18,92,54,1,393,4
04:20,48,93,2,198,8
04:22,1,55,1,225,24
04:24,1,46,2,353,8
04:26,105,37,1,40,24
04:28,74,78,2,187,4
04:31,32,24,1,47,8
04:33,124,29,2,326,8
04:35,86,85,1,151,8
04:37,96,70,2,16,4
04:39,107,53,2,23,8
04:41,49,62,1,33,4
04:43,57,16,1,75,8
04:45,52,82,2,72,4
04:47,54,13,2,168,8
04:49,46,50,2,384,2
04:51,82,67,2,364,4
04:53,146,42,2,175,8
04:55,52,39,1,282,1
04:57,56,41,1,381,2
05:00,47,66,2,337,4
05:02,119,10,2,341,8
05:04,115,2,2,238,8
05:06,56,36,1,43,1
05:08,71,70,1,140,4
05:10,53,50,1,36,2
05:12,148,91,1,263,8
05:14,106,24,2,313,8
05:16,78,31,1,101,8
05:18,102,69,1,356,4
05:20,52,25,1,6,8
05:22,65,31,2,297,4
05:24,31,32,1,249,8
05:26,51,76,1,201,4
05:29,59,48,1,80,8
05:31,74,37,1,60,2
05:33,72,32,2,320,4
05:35,109,91,1,353,8
05:37,46,39,1,373,1
05:39,61,48,2,214,2
05:41,57,68,1,288,4
05:43,101,42,2,221,8
05:45,63,47,1,25,24
05:47,43,85,1,366,8
05:49,57,33,2,30,1
05:51,76,34,1,190,4
05:53,7,35,1,159,8
05:55,117,27,2,384,8
05:57,83,46,54,261,4
06:00,41,9,4,349,8
06:01,96,52,4,284,4
06:03,64,40,3,182,8
06:05,99,41,1,69,4
06:07,100,92,2,43,8
06:09,104,44,3,381,4
06:11,18,25,1,145,8
06:12,74,42,4,245,2
06:14,68,40,3,210,4
06:16,145,42,3,232,8
06:18,51,42,2,277,1
06:20,57,56,3,168,2
06:22,98,47,4,308,4
06:24,117,92,1,201,8
06:25,95,38,3,353,4
06:27,99,41,2,157,24
06:29,117,16,2,360,8
06:31,78,35,2,40,4
06:33,30,98,3,140,8
06:35,147,44,2,93,8
06:37,92,40,4,81,8
06:38,89,40,4,253,4
06:40,64,25,3,16,8
06:42,85,81,4,108,4
06:44,97,93,3,260,8
06:46,86,43,2,28,4
06:48,64,69,1,295,8
06:49,49,53,1,24,2
06:51,101,40,1,283,4
06:53,101,54,4,200,8
06:55,48,36,3,197,1
06:57,51,59,1,138,2
06:59,55,54,2,104,4
07:01,118,67,4,307,8
07:02,106,81,3,26,8
07:04,50,37,1,260,2
07:06,83,13,3,340,24
07:08,55,75,3,252,4
07:10,101,41,1,266,8
07:12,103,99,2,82,8
07:14,23,22,1,66,8
07:15,78,59,1,29,4
07:17,145,7,3,125,8
07:19,84,69,2,109,4
07:21,106,1,1,283,8
07:23,61,38,2,70,4
07:25,85,37,2,30,8
07:26,57,38,3,275,2
07:28,80,82,4,353,4
07:30,73,20,1,1,8
07:32,47,43,3,265,1
07:34,64,56,1,138,2
07:36,79,67,3,61,4
07:38,148,42,1,150,8
07:39,11,81,4,163,8
07:41,52,44,4,176,1
07:43,121,77,3,104,24
07:45,138,88,4,298,24
07:47,66,1,2,103,8
07:49,136,84,2,363,8
07:51,47,80,1,194,8
07:52,93,38,3,116,4
07:54,13,91,1,251,8
07:56,85,38,4,24,4
07:58,67,2,117,319,24
08:00,48,51,2,337,2
08:03,49,35,1,143,1
08:06,51,53,2,16,2
08:10,90,63,1,262,4
08:13,47,44,1,305,1
08:17,57,43,2,316,2
08:20,49,35,2,99,4
08:24,54,35,2,337,1
08:27,69,38,1,320,2
08:30,98,59,2,105,4
08:34,46,35,2,312,8
08:37,52,31,1,174,1
08:41,56,52,2,39,2
08:44,102,37,2,120,4
08:48,87,45,2,248,8
08:51,49,38,1,84,1
08:54,48,58,2,41,2
08:58,89,69,2,75,4
09:01,119,84,2,5,8
09:05,120,55,1,385,24
09:08,54,54,2,400,2
09:12,49,34,1,325,1
09:15,55,55,1,154,2
09:18,89,73,1,183,4
09:22,54,40,2,335,1
09:25,49,35,2,207,2
09:29,91,76,1,375,4
09:32,51,44,2,264,1
09:36,60,35,1,295,2
09:39,70,82,2,213,4
09:42,49,61,2,42,8
09:46,52,34,1,346,1
09:49,69,58,2,105,2
09:53,83,47,1,239,4
09:56,92,55,37,284,4
10:00,85,61,2,154,8
10:02,55,40,1,129,1
10:04,57,55,2,14,2
10:06,56,66,1,223,4
10:08,38,61,2,322,8
10:10,79,61,2,79,4
10:12,66,35,2,344,2
10:14,55,34,1,249,1
10:17,61,55,2,95,2
10:19,73,74,1,294,4
10:21,50,43,2,17,1
10:23,74,49,2,345,2
10:25,49,53,1,292,4
10:27,57,44,2,84,1
10:29,66,38,1,327,2
10:32,54,55,1,36,4
10:34,77,24,2,55,8
10:36,47,40,1,335,1
10:38,60,58,1,317,2
10:40,102,38,1,264,4
10:42,11,19,1,237,8
10:44,48,37,1,166,1
10:47,64,59,1,144,2
10:49,64,52,2,394,4
10:51,114,32,2,188,8
10:53,14,71,1,118,24
10:55,70,50,2,194,2
10:57,48,43,1,304,1
10:59,68,39,1,252,2
11:02,95,46,1,118,4
11:04,49,40,1,111,1
11:06,74,56,1,33,2
11:08,83,46,2,259,4
11:10,54,37,1,58,1
11:12,49,36,2,265,2
11:14,85,71,1,41,4
11:17,17,40,1,6,8
11:19,49,34,2,326,1
11:21,51,54,2,38,2
11:23,93,58,1,186,4
11:25,16,44,1,220,8
11:27,48,36,1,127,1
11:29,52,43,1,222,2
11:32,58,71,1,340,4
11:34,78,7,2,150,8
11:36,57,35,1,263,2
11:38,65,44,1,271,2
11:40,50,34,1,366,1
11:42,72,35,2,325,2
11:44,96,48,2,263,4
11:47,57,39,1,379,1
11:49,59,41,1,30,2
11:51,98,72,1,101,4
11:53,53,43,1,320,1
11:55,70,36,1,250,2
11:57,86,29,64,177,24
12:00,47,44,2,74,4
12:01,58,47,1,16,8
12:02,55,34,2,103,1
12:03,67,41,1,199,2
12:04,85,48,2,90,4
12:05,44,10,1,144,8
12:07,51,42,2,274,1
12:08,56,43,1,346,2
12:09,67,87,1,3,4
12:10,80,47,2,260,8
12:11,52,68,2,389,4
12:13,73,42,2,17,2
12:14,54,42,1,286,1
12:15,57,57,2,284,2
12:16,82,69,2,106,4
12:17,53,31,1,103,1
12:19,70,36,1,305,2
12:20,56,61,1,175,4
12:21,59,35,2,226,1
12:22,72,41,2,169,2
12:23,82,37,1,198,4
12:24,53,31,2,256,8
12:26,59,33,2,366,1
12:27,48,41,2,158,2
12:28,69,56,2,371,4
12:29,130,39,2,338,8
12:30,49,44,1,374,1
12:32,60,55,2,134,2
12:33,53,38,1,204,4
12:34,144,61,1,8,8
12:35,79,29,1,97,24
12:36,63,31,1,80,2
12:38,48,40,1,250,1
12:39,59,52,1,31,2
12:40,75,85,2,288,4
12:41,57,30,2,363,1
12:42,45,40,2,229,2
12:44,61,35,2,211,4
12:45,57,35,1,167,1
12:46,57,44,2,218,2
12:47,104,48,1,255,4
12:48,118,82,2,70,8
12:49,49,43,2,320,1
12:51,57,48,1,146,2
12:52,94,39,2,387,4
12:53,98,23,1,392,8
12:54,46,32,1,193,1
12:55,60,53,2,196,2
12:57,74,45,1,389,4
12:58,129,73,2,119,8
12:59,52,42,2,108,1
13:00,55,37,1,396,2
13:01,53,38,1,286,1
13:03,73,34,2,233,2
13:04,86,33,2,167,4
13:05,49,37,2,269,1
13:06,64,48,1,23,2
13:07,67,62,1,358,4
13:09,50,38,2,298,1
13:10,74,56,2,371,2
13:11,47,42,2,363,4
13:12,48,62,2,42,8
13:13,55,39,2,196,1
13:14,59,50,2,306,2
13:16,63,39,2,48,4
13:17,53,44,2,394,8
13:18,53,38,2,125,1
13:19,45,34,2,385,2
13:20,72,47,2,92,4
13:22,113,76,1,340,8
13:23,19,56,2,389,24
13:24,48,34,1,134,2
13:25,57,42,1,271,1
13:26,62,59,1,230,2
13:28,49,85,2,338,4
13:29,56,32,1,224,1
13:30,71,49,2,265,2
13:31,85,58,2,345,4
13:32,59,41,1,10,1
13:34,60,39,1,236,2
13:35,79,58,2,120,4
13:36,8,59,1,60,8
13:37,55,42,2,358,1
13:38,69,30,2,215,2
13:39,100,71,2,155,4
13:41,5,63,1,197,8
13:42,54,31,2,311,1
13:43,56,47,1,319,2
13:44,92,32,2,76,4
13:45,24,74,1,298,8
13:47,58,46,2,77,2
13:48,69,33,2,225,2
13:49,58,35,2,382,1
13:50,68,56,2,68,2
13:51,99,64,1,107,4
13:53,48,38,1,53,1
13:54,74,38,1,12,2
13:55,59,89,2,325,4
13:56,46,32,1,135,1
13:57,56,48,1,86,2
13:59,58,58,52,57,2
14:00,47,75,3,234,4
14:01,142,45,3,261,8
14:03,45,37,2,91,1
14:05,66,35,1,85,2
14:06,49,77,1,72,4
14:08,92,37,1,89,8
14:10,49,38,4,374,1
14:11,60,37,3,4,2
14:13,74,33,1,69,4
14:15,50,89,1,98,8
14:17,51,43,2,230,4
14:18,52,42,4,364,2
14:20,49,32,4,369,1
14:22,62,46,4,206,2
14:23,63,35,4,334,4
14:25,54,34,2,203,1
14:27,62,45,2,194,2
14:29,79,51,2,352,4
14:30,53,33,1,54,1
14:32,70,56,2,92,2
14:34,48,40,3,370,4
14:35,149,13,3,28,8
14:37,56,34,3,399,1
14:39,60,55,1,210,2
14:41,68,33,3,116,4
14:42,98,35,3,230,8
14:44,57,39,1,316,1
14:46,65,43,2,16,2
14:47,59,37,1,286,4
14:49,19,86,3,39,8
14:51,116,10,2,241,8
14:53,74,30,1,196,2
14:54,54,33,1,227,1
14:56,45,43,3,183,2
14:58,93,68,3,156,4
14:59,51,30,2,394,1
15:01,74,54,3,120,2
15:03,45,46,1,38,4
15:04,48,36,1,342,1
15:06,71,52,4,346,2
15:08,103,59,2,287,4
15:10,129,28,4,377,8
15:11,51,40,3,242,1
15:13,53,33,1,253,2
15:15,63,51,4,131,4
15:16,81,31,4,1,8
15:18,50,37,3,283,1
15:20,47,51,3,303,2
15:22,67,47,2,45,4
15:23,78,22,1,173,8
15:25,29,52,1,391,8
15:27,55,49,1,44,2
15:28,54,37,2,141,1
15:30,74,36,4,267,2
15:32,95,35,4,14,4
15:34,53,36,1,219,1
15:35,64,33,4,86,2
15:37,96,69,4,247,4
15:39,51,34,2,142,1
15:40,65,44,2,89,2
15:42,51,62,3,363,4
15:44,128,1,3,308,8
15:46,51,33,2,213,1
15:47,72,47,4,144,2
15:49,59,66,2,223,4
15:51,116,12,2,348,8
15:52,47,43,1,284,1
15:54,67,58,4,281,2
15:56,57,46,3,210,4
15:57,55,34,113,242,1
16:00,48,33,3,213,1
16:02,74,42,4,202,2
16:04,84,59,3,81,4
16:07,54,31,2,260,1
16:09,66,56,2,370,2
16:12,72,70,4,394,4
16:14,51,35,3,60,1
16:17,65,35,4,35,2
16:19,47,74,3,74,4
16:22,42,81,4,66,8
16:24,47,44,4,370,1
16:26,48,39,3,248,2
16:29,50,37,4,69,4
16:31,104,46,1,244,8
16:34,52,39,4,324,1
16:36,54,49,3,319,2
16:39,49,56,2,264,4
16:41,61,42,1,286,8
16:44,43,29,4,83,8
16:46,10,95,3,345,8
16:49,52,37,1,109,1
16:51,62,36,3,375,2
16:53,80,33,3,326,4
16:56,46,36,4,314,1
16:58,51,41,2,343,2
17:01,90,32,1,172,4
17:03,51,33,1,110,1
17:06,67,31,4,311,2
17:08,86,42,3,20,4
17:11,42,96,2,20,8
17:13,47,42,3,136,1
17:15,64,33,1,264,2
17:18,90,57,3,233,4
17:20,136,73,2,331,8
17:23,53,37,3,262,1
17:25,62,37,3,199,2
17:28,53,71,2,231,4
17:30,86,95,4,77,8
17:33,68,68,4,180,4
17:35,57,32,2,128,1
17:38,52,43,1,199,1
17:40,71,45,2,349,2
17:42,72,67,1,108,4
17:45,46,38,4,186,1
17:47,48,31,3,292,2
17:50,47,74,2,118,4
17:52,56,33,2,157,1
17:55,49,42,4,119,2
17:57,19,68,75,170,24
18:00,55,64,2,364,4
18:01,81,92,2,146,8
18:02,50,36,1,357,1
18:03,67,45,2,200,2
18:05,64,74,2,249,4
18:06,28,75,1,354,8
18:07,45,40,1,36,1
18:09,68,43,1,309,2
18:10,62,76,2,77,4
18:11,99,47,2,210,8
18:13,55,39,1,167,1
18:14,84,71,1,130,8
18:15,49,41,1,81,1
18:17,60,32,2,151,2
18:18,72,52,1,169,4
18:19,53,37,2,279,1
18:21,65,43,2,175,2
18:22,88,35,2,44,4
18:23,50,44,2,218,1
18:25,69,56,1,295,2
18:26,71,48,2,221,4
18:27,86,98,1,211,8
18:29,58,41,1,262,1
18:30,46,47,1,168,2
18:31,67,63,2,51,4
18:33,75,5,1,344,8
18:34,54,41,2,34,1
18:35,67,37,2,46,2
18:37,62,48,2,172,4
18:38,96,55,1,37,8
18:39,98,81,1,348,4
18:41,19,96,2,368,24
18:42,54,43,1,274,1
18:43,50,56,1,51,2
18:45,69,38,1,203,4
18:46,56,43,2,243,1
18:47,60,45,2,207,2
18:49,79,74,2,50,4
18:50,58,32,2,213,1
18:51,56,51,2,363,2
18:53,59,83,2,365,4
18:54,148,64,1,142,8
18:55,55,36,1,276,1
18:57,48,35,1,309,2
18:58,82,67,2,110,4
18:59,146,80,2,153,8
19:01,56,36,1,326,1
19:02,73,44,1,115,2
19:03,60,89,1,301,4
19:05,30,42,2,101,8
19:06,132,35,2,14,8
19:07,109,67,1,134,24
19:09,51,33,1,280,1
19:10,70,47,2,16,2
19:11,75,66,1,363,4
19:13,53,35,2,141,1
19:14,67,58,1,223,2
19:15,78,39,2,325,4
19:17,52,30,2,195,1
19:18,67,41,2,292,2
19:19,82,62,1,400,4
19:21,96,67,1,395,8
19:22,52,33,2,154,1
19:23,60,38,1,38,2
19:25,69,80,1,244,4
19:26,85,61,1,313,8
19:27,52,36,2,19,1
19:29,54,49,2,376,2
19:30,75,47,2,211,4
19:31,85,29,2,11,8
19:33,83,51,1,154,8
19:34,137,11,1,342,24
19:35,59,34,1,123,1
19:37,65,44,2,393,2
19:38,93,78,2,105,4
19:39,50,37,2,6,1
19:41,73,35,1,386,2
19:42,104,36,2,46,4
19:43,51,35,2,173,1
19:45,63,46,1,173,2
19:46,70,37,2,189,4
19:47,31,79,1,103,8
19:49,58,44,1,258,1
19:50,59,57,2,329,2
19:51,90,32,2,73,4
19:53,75,54,1,29,8
19:54,53,39,2,172,1
19:55,49,36,2,94,2
19:57,47,49,2,245,4
19:58,57,33,91,397,1
20:00,53,7,3,100,8
20:02,46,46,2,364,2
20:05,9,81,3,52,24
20:07,49,30,1,269,1
20:10,66,55,2,121,2
20:13,93,50,3,10,4
20:15,45,44,2,178,1
20:18,63,31,1,255,2
20:20,104,81,3,377,4
20:23,55,36,3,26,1
20:26,70,54,1,396,2
20:28,45,49,2,340,4
20:31,96,9,3,61,8
20:33,57,37,1,356,1
20:36,70,37,1,235,2
20:39,82,73,2,265,4
20:41,23,3,3,323,8
20:44,48,41,1,354,1
20:46,71,46,3,133,2
20:49,89,78,3,297,4
20:52,104,95,2,203,8
20:54,149,84,2,31,8
20:57,52,31,3,234,1
21:00,54,44,3,224,1
21:02,71,34,1,231,2
21:05,66,48,1,172,4
21:07,52,41,3,49,1
21:10,54,37,1,180,2
21:13,96,39,1,271,4
21:15,59,34,3,333,1
21:18,66,47,2,165,2
21:20,85,68,1,265,4
21:23,36,36,1,26,8
21:26,58,35,3,206,1
21:28,51,50,2,4,2
21:31,73,46,2,128,4
21:33,64,87,2,223,8
21:36,45,44,2,266,1
21:39,53,38,1,187,2
21:41,67,72,1,259,4
21:44,119,10,2,347,8
21:47,138,54,1,353,8
21:49,89,22,2,17,24
21:52,50,43,3,215,1
21:54,57,38,2,390,2
21:57,62,83,50,260,4
22:00,78,34,4,205,4
22:09,58,38,3,11,1
22:18,62,33,1,111,2
22:27,70,84,1,383,4
22:36,51,36,2,281,1
22:46,57,59,1,323,2
22:55,101,45,1,339,4
23:04,136,91,3,300,8
23:13,47,40,1,125,1
23:23,50,40,3,325,2
23:32,95,44,1,392,4
23:41,138,14,1,362,8
23:50,67,6,32,149,8
