00:00,67,77,1,252,8
00:17,87,40,3,50,8
00:34,144,33,1,318,8
00:51,62,85,2,168,4
01:08,83,77,1,28,8
01:25,104,33,2,169,4
01:42,51,39,14,293,1
02:00,76,91,2,111,8
02:10,52,86,2,358,4
02:21,26,2,2,264,8
02:32,68,46,2,33,2
02:43,49,36,1,287,4
02:54,22,17,1,222,8
03:05,57,43,2,119,1
03:16,62,46,1,314,2
03:27,80,55,1,249,4
03:38,121,67,2,356,8
03:49,29,87,8,177,24
04:00,62,40,1,86,2
04:10,55,40,2,395,1
04:20,51,35,2,216,1
04:30,46,43,4,37,2
04:40,75,9,1,6,8
04:50,93,19,3,382,8
05:00,116,62,4,357,8
05:10,104,41,4,132,4
05:20,59,85,3,208,8
05:30,57,77,2,116,4
05:40,103,2,3,56,8
05:50,98,71,20,181,4
06:00,54,44,1,244,4
06:02,122,93,1,140,8
06:05,72,56,1,166,2
06:08,79,61,2,4,4
06:10,112,6,1,271,8
06:13,45,37,2,90,1
06:16,70,34,1,134,2
06:19,71,72,1,108,4
06:21,36,77,2,69,8
06:24,61,35,1,393,2
06:27,60,55,1,224,2
06:30,22,75,2,341,8
06:32,91,58,1,293,8
06:35,4,31,1,280,8
06:38,103,80,2,345,8
06:40,101,51,1,335,8
06:43,60,80,1,67,4
06:46,117,18,1,118,8
06:49,57,83,1,3,4
06:51,66,45,1,110,8
06:54,58,39,1,244,4
06:57,142,79,2,280,8
07:00,57,49,1,357,2
07:02,55,57,2,219,4
07:05,22,83,2,98,8
07:08,57,44,1,325,1
07:10,45,41,2,25,2
07:13,46,72,1,327,4
07:16,81,86,1,241,8
07:19,9,31,1,203,8
07:21,53,37,1,285,1
07:24,65,41,1,61,2
07:27,85,37,2,10,4
07:30,145,18,2,389,8
07:32,37,24,1,388,8
07:35,47,93,1,200,8
07:38,55,60,1,38,4
07:41,21,36,2,213,8
07:43,68,36,2,234,4
07:46,62,27,2,230,8
07:49,88,40,1,381,4
07:51,119,71,2,302,8
07:54,53,57,1,179,2
07:57,136,17,41,206,8
08:00,61,59,3,107,2
08:12,55,34,1,356,1
08:24,74,53,3,347,2
08:36,90,88,1,125,4
08:48,47,42,1,366,1
09:00,70,59,3,327,2
09:12,81,38,2,305,4
09:24,48,31,2,113,1
09:36,54,32,1,204,2
09:48,63,71,15,180,4
10:00,82,53,2,400,4
10:07,1,51,3,217,8
10:15,45,33,3,31,1
10:22,67,59,1,359,2
10:30,71,70,2,334,4
10:37,131,73,2,71,8
10:45,46,40,3,84,1
10:52,53,47,2,175,2
11:00,57,87,1,144,4
11:07,89,61,2,142,8
11:15,58,34,3,159,1
11:22,55,40,3,365,2
11:30,58,34,3,127,1
11:37,66,48,3,45,2
11:45,55,81,1,186,4
11:52,137,12,14,394,24
12:00,54,42,1,263,1
12:06,55,34,3,86,2
12:12,58,89,1,164,4
12:18,49,34,3,292,1
12:24,61,57,3,181,2
12:30,59,49,2,17,4
12:36,18,55,2,206,8
12:42,49,33,3,188,1
12:48,58,40,2,284,2
12:54,91,57,2,76,4
13:00,43,77,1,254,8
13:06,45,36,1,87,1
13:12,66,57,1,164,2
13:18,60,73,1,274,4
13:24,125,27,3,50,8
13:30,74,45,2,105,2
13:36,45,33,2,185,2
13:42,48,41,2,279,1
13:48,47,50,2,270,2
13:54,81,68,35,132,4
14:00,62,67,1,192,4
14:02,45,40,1,227,1
14:04,74,51,1,183,2
14:07,89,65,1,334,4
14:09,49,34,1,150,1
14:12,53,48,1,70,2
14:14,74,32,1,287,4
14:16,43,9,1,319,8
14:19,50,39,1,73,1
14:21,52,47,1,296,2
14:24,46,61,1,145,4
14:26,117,16,1,381,8
14:28,45,39,1,256,1
14:31,73,35,1,138,2
14:33,87,81,1,30,4
14:36,17,47,1,56,8
14:38,60,46,1,215,2
14:40,62,42,1,84,2
14:43,46,38,1,54,1
14:45,45,45,1,329,2
14:48,76,77,1,369,4
14:50,51,41,1,150,1
14:52,65,32,1,101,2
14:55,57,59,1,334,4
14:57,53,36,1,387,1
15:00,69,34,1,379,2
15:02,88,51,1,193,4
15:04,136,36,1,377,8
15:07,55,38,1,306,1
15:09,65,42,1,75,2
15:12,97,53,1,70,4
15:14,8,84,1,51,8
15:16,45,37,1,322,1
15:19,67,58,1,358,2
15:21,53,50,1,368,4
15:24,72,28,1,186,8
15:26,50,40,1,154,1
15:28,51,59,1,368,2
15:31,52,31,1,193,1
15:33,69,39,1,121,2
15:36,88,73,1,387,4
15:38,56,38,1,194,1
15:40,55,33,1,106,2
15:43,73,33,1,62,4
15:45,47,30,1,81,1
15:48,71,35,1,391,2
15:50,49,70,1,118,4
15:52,130,70,1,290,8
15:55,51,34,1,359,1
15:57,12,10,50,210,24
16:00,50,32,2,154,1
16:03,47,34,1,396,2
16:06,50,33,2,390,4
16:09,53,42,1,289,1
16:13,72,39,2,230,2
16:16,64,79,1,99,4
16:19,50,36,1,392,1
16:23,54,49,2,244,2
16:26,102,62,1,21,4
16:29,77,40,1,18,8
16:33,55,39,2,144,1
16:36,54,32,1,372,2
16:39,83,72,1,88,4
16:43,31,73,1,311,8
16:46,54,37,1,63,1
16:49,72,30,1,164,2
16:53,75,70,2,82,4
16:56,2,11,2,40,8
16:59,58,37,2,184,4
17:03,46,83,1,316,4
17:06,45,43,1,62,1
17:09,65,46,2,343,2
17:13,88,82,2,85,4
17:16,59,43,2,265,1
17:19,53,36,1,396,2
17:23,83,62,2,90,4
17:26,57,31,2,231,1
17:29,67,51,1,228,2
17:33,53,65,1,157,4
17:36,57,98,2,323,8
17:39,56,41,2,205,1
17:43,69,38,1,163,2
17:46,95,33,1,312,4
17:49,128,57,2,61,8
17:53,51,32,2,9,1
17:56,64,60,23,131,4
18:00,72,34,1,249,2
18:02,91,44,1,109,4
18:05,40,59,1,123,8
18:08,60,51,1,12,2
18:11,47,35,1,189,1
18:14,45,32,1,120,1
18:17,67,32,1,163,2
18:20,100,31,1,355,4
18:22,59,44,1,15,1
18:25,65,37,1,258,2
18:28,71,57,1,133,4
18:31,46,34,1,276,1
18:34,61,36,1,384,2
18:37,63,61,1,207,4
18:40,129,78,1,105,8
18:42,50,44,1,100,1
18:45,73,46,1,111,2
18:48,92,73,1,386,4
18:51,122,95,1,196,8
18:54,55,38,1,328,1
18:57,69,36,1,83,2
19:00,65,52,1,235,4
19:02,123,84,1,289,8
19:05,67,68,1,146,4
19:08,53,31,1,147,1
19:11,57,36,1,275,1
19:14,56,33,1,134,2
19:17,75,53,1,383,4
19:20,50,44,1,254,1
19:22,64,55,1,169,2
19:25,81,41,1,19,4
19:28,59,38,1,368,1
19:31,54,53,1,344,2
19:34,83,39,1,93,4
19:37,99,48,1,176,8
19:40,53,31,1,217,1
19:42,56,49,1,331,2
19:45,63,63,1,58,4
19:48,93,19,1,215,8
19:51,51,32,1,199,1
19:54,69,43,1,150,2
19:57,94,49,42,215,4
20:00,56,79,2,365,4
20:06,120,62,2,163,8
20:12,58,53,2,40,2
20:18,46,31,1,225,1
20:25,45,40,2,192,1
20:31,62,49,1,38,2
20:37,56,77,1,393,4
20:44,59,32,2,333,1
20:50,66,48,2,284,2
20:56,83,69,1,249,4
21:03,57,39,2,80,1
21:09,64,41,1,23,2
21:15,64,81,1,114,4
21:22,133,63,1,374,8
21:28,56,43,1,313,1
21:34,55,47,1,215,2
21:41,71,32,2,26,4
21:47,133,47,1,125,8
21:53,30,73,25,263,8
22:00,54,36,2,46,1
22:20,68,40,3,114,2
22:40,98,83,1,184,4
23:00,14,67,2,306,8
23:20,98,44,3,107,24
23:40,58,55,9,19,2
