00:00,57,36,2,299,8
00:15,33,3,2,397,8
00:30,21,9,2,83,8
00:45,89,53,1,203,4
01:00,116,11,1,38,8
01:15,97,78,1,283,4
01:30,3,48,2,94,8
01:45,47,42,8,88,1
02:00,85,35,1,322,4
02:17,33,91,2,43,8
02:34,58,54,1,133,2
02:51,52,84,1,244,4
03:08,98,8,1,312,8
03:25,52,33,1,43,1
03:42,91,82,12,61,8
04:00,70,34,1,147,2
04:05,104,43,1,252,4
04:11,4,19,1,146,8
04:17,49,33,1,247,1
04:22,72,31,1,129,2
04:28,5,78,1,108,8
04:34,74,58,1,129,2
04:39,12,54,1,164,8
04:45,116,61,1,377,8
04:51,46,76,1,238,8
04:57,85,67,1,358,4
05:02,104,50,1,349,8
05:08,88,80,1,342,4
05:14,103,2,1,44,8
05:19,95,32,1,53,4
05:25,26,31,1,11,8
05:31,49,48,1,213,2
05:37,79,55,1,315,4
05:42,47,35,1,230,8
05:48,50,33,1,30,1
05:54,36,41,19,397,8
06:00,55,52,1,151,2
06:02,51,37,1,169,4
06:05,120,5,1,322,8
06:08,64,57,1,42,2
06:11,44,85,1,341,8
06:13,69,25,1,254,24
06:16,64,32,1,58,2
06:19,109,35,1,359,8
06:22,37,80,1,258,8
06:25,32,48,1,156,8
06:27,65,75,1,178,4
06:30,52,93,1,290,8
06:33,79,73,1,112,4
06:36,136,23,1,74,8
06:39,73,34,1,220,4
06:41,4,48,1,250,8
06:44,61,38,1,369,2
06:47,81,65,1,223,4
06:50,48,97,1,128,8
06:53,47,36,1,343,1
06:55,72,46,1,169,2
06:58,53,77,1,54,4
07:01,37,88,1,379,8
07:04,109,80,1,135,24
07:06,49,41,1,76,2
07:09,53,33,1,325,1
07:12,48,42,1,245,8
07:15,99,8,1,115,8
07:18,56,31,1,172,8
07:20,149,25,1,277,8
07:23,100,59,1,5,4
07:26,146,14,1,6,8
07:29,95,60,1,69,4
07:32,86,67,1,113,8
07:34,69,66,1,97,4
07:37,95,48,1,52,8
07:40,49,49,1,45,2
07:43,70,78,1,4,4
07:46,131,73,1,311,8
07:48,53,39,1,124,1
07:51,48,54,1,234,2
07:54,59,53,1,83,4
07:57,149,93,39,167,8
08:00,57,39,2,284,2
08:10,50,30,2,308,1
08:20,67,32,2,277,2
08:30,54,54,2,151,4
08:40,58,36,1,362,1
08:50,56,56,1,318,2
09:00,100,55,1,349,4
09:10,54,39,1,40,1
09:20,73,52,1,112,2
09:30,95,59,1,309,4
09:40,132,84,1,274,8
09:50,9,64,11,265,24
10:00,57,38,1,104,1
10:05,61,51,1,305,2
10:10,88,48,1,205,4
10:16,93,68,1,175,8
10:21,53,44,1,268,1
10:27,74,32,1,256,2
10:32,97,77,1,196,4
10:38,43,49,1,109,8
10:43,140,31,1,381,8
10:49,67,58,1,268,2
10:54,49,41,1,174,1
10:59,45,56,1,126,2
11:05,49,82,1,282,4
11:10,49,40,1,226,1
11:16,47,40,1,373,2
11:21,96,44,1,8,4
11:27,54,43,1,232,1
11:32,64,37,1,321,2
11:38,88,62,1,318,4
11:43,104,87,1,360,8
11:48,53,43,1,29,1
11:54,68,55,19,309,2
12:00,60,38,1,331,2
12:05,99,71,2,131,4
12:10,6,39,2,127,8
12:15,54,32,2,60,1
12:20,53,34,2,160,2
12:25,73,50,2,293,4
12:30,79,63,1,153,8
12:35,74,6,2,77,24
12:40,56,55,2,32,2
12:45,49,34,1,338,1
12:50,60,31,2,237,2
12:55,64,77,1,33,4
13:00,48,37,2,356,1
13:05,46,31,2,163,2
13:10,46,70,1,27,4
13:15,58,39,1,66,1
13:20,45,58,2,286,2
13:25,47,30,2,288,4
13:30,122,68,2,14,8
13:35,51,39,1,380,1
13:40,54,50,2,112,2
13:45,55,31,1,384,4
13:50,105,20,1,43,8
13:55,75,80,23,20,4
14:00,47,38,1,292,1
14:03,47,44,1,305,2
14:07,88,64,2,350,4
14:10,128,97,2,38,8
14:14,61,38,1,138,2
14:18,63,35,2,66,2
14:21,47,44,2,394,1
14:25,45,38,1,108,2
14:29,73,32,1,368,4
14:32,48,30,2,175,1
14:36,60,44,1,148,2
14:40,57,36,2,101,4
14:43,58,36,1,164,1
14:47,50,48,1,353,2
14:50,47,47,2,342,4
14:54,120,9,2,125,8
14:58,53,40,2,78,1
15:01,73,55,1,281,2
15:05,88,72,1,152,4
15:09,58,70,2,253,8
15:12,49,35,2,269,1
15:16,50,53,1,374,2
15:20,99,34,1,57,4
15:23,130,91,1,304,8
15:27,57,45,2,62,2
15:31,47,43,2,370,2
15:34,46,34,2,29,1
15:38,53,47,2,79,2
15:41,101,59,1,77,4
15:45,55,35,2,112,1
15:49,67,45,2,193,2
15:52,83,49,1,250,4
15:56,67,56,33,131,2
16:00,54,37,1,101,1
16:03,54,32,1,307,2
16:07,76,36,1,318,4
16:10,55,39,1,339,1
16:14,56,37,1,263,2
16:17,57,76,1,24,4
16:21,50,41,1,354,1
16:24,52,32,1,306,2
16:28,65,48,1,382,4
16:31,6,89,1,331,8
16:35,52,43,1,209,1
16:38,57,54,1,7,2
16:42,58,36,1,210,4
16:45,22,41,1,73,8
16:49,49,38,1,80,1
16:52,66,54,1,139,2
16:56,50,36,1,70,4
17:00,87,34,1,93,8
17:03,74,38,1,230,2
17:07,46,7,1,32,24
17:10,54,40,1,203,1
17:14,51,34,1,346,2
17:17,94,38,1,12,4
17:21,57,42,1,209,1
17:24,47,49,1,241,2
17:28,67,73,1,82,4
17:31,58,31,1,46,1
17:35,69,35,1,223,2
17:38,62,64,1,336,4
17:42,98,83,1,49,8
17:45,52,33,1,284,1
17:49,73,31,1,93,2
17:52,74,78,1,357,4
17:56,51,31,28,376,1
18:00,23,46,1,210,8
18:04,54,36,2,103,1
18:08,55,40,1,27,2
18:12,83,39,1,301,4
18:17,58,5,2,209,8
18:21,54,33,2,209,1
18:25,56,41,2,25,1
18:30,56,34,1,328,1
18:34,70,40,2,348,2
18:38,65,57,2,253,4
18:42,47,35,1,383,1
18:47,53,45,2,188,2
18:51,62,37,1,53,4
18:55,48,40,2,17,1
19:00,64,42,2,41,2
19:04,62,41,1,109,4
19:08,18,31,2,334,8
19:12,56,30,1,340,1
19:17,56,38,2,382,2
19:21,87,56,2,71,4
19:25,111,7,1,370,8
19:30,54,30,1,316,1
19:34,62,59,1,34,2
19:38,90,86,1,333,4
19:42,38,14,2,321,8
19:47,11,19,1,43,8
19:51,56,37,2,139,1
19:55,5,24,27,106,24
20:00,50,32,1,71,1
20:05,55,56,1,52,2
20:10,89,36,1,261,4
20:16,54,40,1,13,1
20:21,67,48,1,395,2
20:27,74,41,1,1,4
20:32,58,39,1,274,1
20:38,51,50,1,244,2
20:43,78,75,1,117,4
20:49,136,3,1,228,8
20:54,58,42,1,188,1
20:59,55,50,1,32,2
21:05,58,49,1,3,4
21:10,138,31,1,223,8
21:16,47,36,1,228,1
21:21,60,52,1,133,2
21:27,51,32,1,256,4
21:32,102,7,1,315,8
21:38,54,33,1,297,1
21:43,91,78,1,400,4
21:48,53,41,1,138,1
21:54,56,33,21,120,1
22:00,52,32,2,227,2
22:20,73,61,2,273,4
22:40,46,37,1,283,1
23:00,60,30,1,159,2
23:20,68,66,2,25,4
23:40,48,44,8,102,1
