00:00,27,16,4,238,8
00:10,15,32,4,42,8
00:21,145,85,1,122,8
00:32,52,72,4,220,4
00:43,52,63,1,231,8
00:54,102,88,3,117,4
01:05,59,27,4,22,8
01:16,70,30,2,42,4
01:27,46,94,4,103,8
01:38,48,35,3,241,2
01:49,52,43,15,60,1
02:00,66,58,2,339,4
02:09,24,13,2,179,8
02:18,47,38,2,9,1
02:27,57,43,3,8,2
02:36,58,78,1,221,4
02:46,57,23,1,351,8
02:55,51,54,3,9,2
03:04,68,30,2,359,2
03:13,73,65,2,248,4
03:23,52,54,2,313,4
03:32,26,25,2,137,8
03:41,54,33,2,376,8
03:50,46,42,21,48,24
04:00,110,9,1,117,8
04:05,67,49,1,389,4
04:10,36,2,3,57,8
04:16,63,57,1,319,4
04:21,97,71,3,109,8
04:27,65,73,2,46,4
04:32,38,85,1,95,8
04:38,70,41,2,157,2
04:43,65,81,4,350,4
04:49,147,25,2,254,8
04:54,45,36,3,85,1
04:59,61,35,1,373,2
05:05,60,40,4,274,4
05:10,2,91,1,382,8
05:16,39,38,3,176,24
05:21,50,86,3,116,4
05:27,68,13,1,295,8
05:32,60,82,1,20,4
05:38,30,80,3,386,8
05:43,20,51,4,228,8
05:48,40,36,3,229,8
05:54,69,56,43,244,4
06:00,63,89,1,366,4
06:02,40,28,1,118,8
06:04,89,81,3,331,4
06:06,32,75,3,123,8
06:09,61,76,2,344,4
06:11,68,8,3,286,8
06:13,69,33,2,211,2
06:15,94,31,2,180,4
06:18,53,21,3,43,8
06:20,58,33,1,52,1
06:22,71,55,1,315,2
06:24,82,80,1,251,4
06:27,88,5,3,13,8
06:29,46,59,2,141,2
06:31,6,78,2,74,24
06:33,2,38,1,26,24
06:36,51,42,1,167,1
06:38,71,3,1,119,8
06:40,140,49,1,83,8
06:42,126,83,1,341,8
06:45,68,84,3,169,4
06:47,119,33,1,156,8
06:49,53,67,2,52,4
06:51,4,57,2,215,8
06:54,78,72,3,253,4
06:56,121,19,1,112,8
06:58,65,58,3,345,2
07:01,78,56,2,279,4
07:03,26,1,3,314,8
07:05,55,34,2,268,1
07:07,63,58,1,33,2
07:10,53,40,1,344,4
07:12,10,7,1,231,8
07:14,67,52,2,269,24
07:16,57,42,2,239,2
07:19,81,87,3,385,4
07:21,46,12,2,208,24
07:23,86,77,3,81,8
07:25,21,27,1,84,8
07:28,100,99,1,62,8
07:30,100,43,2,225,4
07:32,18,69,1,148,8
07:34,59,46,3,297,4
07:37,94,85,2,116,8
07:39,54,70,2,27,4
07:41,130,8,3,316,8
07:43,65,46,2,340,2
07:46,92,50,3,152,4
07:48,63,54,1,13,8
07:50,51,40,2,57,1
07:52,74,39,3,93,2
07:55,68,52,1,310,4
07:57,52,30,84,230,1
08:00,73,41,2,170,2
08:04,45,35,1,85,1
08:09,65,44,1,194,2
08:14,49,82,1,243,4
08:19,46,38,2,270,1
08:24,52,33,1,208,2
08:28,46,87,2,51,4
08:33,53,40,2,124,1
08:38,62,58,2,22,2
08:43,54,48,1,203,4
08:48,7,61,1,47,8
08:52,52,31,1,49,1
08:57,69,42,1,395,2
09:02,93,46,1,154,4
09:07,59,12,1,354,8
09:12,46,39,1,195,1
09:16,63,34,2,277,2
09:21,62,63,1,393,4
09:26,107,36,1,137,8
09:31,45,41,1,277,1
09:36,65,51,2,23,2
09:40,49,37,1,399,1
09:45,45,47,1,29,2
09:50,78,41,1,23,4
09:55,59,44,29,387,1
10:00,54,39,1,241,1
10:02,71,41,1,234,2
10:05,60,36,2,317,4
10:08,59,42,2,242,1
10:11,52,33,2,244,2
10:14,64,72,2,44,4
10:17,51,63,1,399,8
10:20,55,42,1,245,1
10:22,69,48,2,139,2
10:25,72,38,2,117,4
10:28,41,34,2,296,8
10:31,57,32,1,97,1
10:34,59,57,2,218,2
10:37,95,35,2,124,4
10:40,101,11,2,275,8
10:42,131,9,1,44,24
10:45,50,30,2,51,2
10:48,50,36,1,160,1
10:51,54,47,1,18,2
10:54,55,70,1,303,4
10:57,57,33,1,263,1
11:00,61,33,2,344,2
11:02,48,48,2,115,4
11:05,58,44,2,384,1
11:08,69,36,2,180,2
11:11,69,34,2,57,4
11:14,50,12,1,307,8
11:17,53,33,1,215,1
11:20,50,44,1,264,2
11:22,94,33,2,2,4
11:25,116,41,2,188,8
11:28,45,33,1,185,1
11:31,68,34,2,210,2
11:34,81,75,1,361,4
11:37,35,43,2,344,8
11:40,55,43,1,157,1
11:42,48,52,2,77,2
11:45,48,34,1,136,1
11:48,69,40,1,100,2
11:51,82,59,1,209,4
11:54,53,35,2,228,1
11:57,62,51,29,11,4
12:00,59,35,2,46,2
12:02,63,85,1,211,4
12:04,56,32,2,133,1
12:06,54,59,2,336,2
12:08,88,44,1,259,4
12:11,140,52,1,283,8
12:13,47,36,1,257,1
12:15,71,57,1,358,2
12:17,54,38,1,281,4
12:19,75,4,2,252,8
12:22,52,42,1,154,1
12:24,54,31,2,161,2
12:26,45,37,1,250,4
12:28,145,91,2,291,8
12:31,57,38,1,100,1
12:33,74,37,2,296,2
12:35,57,44,2,309,1
12:37,56,38,2,29,2
12:39,56,31,2,206,4
12:42,54,31,2,54,1
12:44,53,38,2,50,2
12:46,93,63,2,384,4
12:48,53,35,2,359,1
12:51,49,42,2,48,2
12:53,89,43,2,76,4
12:55,56,35,1,120,8
12:57,47,30,2,263,1
12:59,57,30,1,395,2
13:02,99,66,2,259,4
13:04,7,24,2,351,8
13:06,46,35,2,121,1
13:08,45,48,2,266,2
13:11,97,71,2,217,4
13:13,128,99,2,142,8
13:15,45,37,1,387,1
13:17,56,52,2,25,2
13:19,57,33,1,383,1
13:22,58,52,1,196,2
13:24,94,31,1,86,4
13:26,48,36,2,386,1
13:28,66,50,2,364,2
13:31,92,50,1,46,4
13:33,49,31,2,242,1
13:35,57,52,1,321,2
13:37,81,83,1,195,4
13:39,35,43,2,93,8
13:42,55,35,2,190,1
13:44,71,45,1,28,2
13:46,52,34,1,118,4
13:48,89,35,2,329,8
13:51,52,39,2,46,1
13:53,68,57,1,326,2
13:55,77,81,2,387,4
13:57,74,53,54,321,2
14:00,139,27,2,236,8
14:01,84,64,1,368,8
14:03,45,46,1,369,2
14:05,45,35,1,359,1
14:07,52,38,1,65,2
14:09,83,52,2,67,4
14:11,46,38,1,280,1
14:12,54,49,1,12,2
14:14,89,74,2,146,4
14:16,52,36,2,158,1
14:18,47,53,1,95,2
14:20,66,57,1,218,4
14:22,8,81,2,195,8
14:24,54,42,2,383,1
14:25,46,51,2,290,2
14:27,51,80,1,187,4
14:29,136,58,2,351,8
14:31,52,44,1,194,1
14:33,45,58,2,366,2
14:35,57,54,1,330,4
14:37,18,85,1,112,8
14:38,58,56,1,325,2
14:40,67,31,1,319,2
14:42,50,36,2,293,1
14:44,73,56,2,363,2
14:46,95,55,2,131,4
14:48,45,40,2,38,1
14:49,61,53,2,14,2
14:51,60,41,1,49,4
14:53,53,40,1,97,1
14:55,65,42,2,352,2
14:57,84,62,2,335,4
14:59,82,27,2,311,8
15:01,47,31,2,290,1
15:02,63,40,2,385,2
15:04,46,72,2,339,4
15:06,73,81,2,192,8
15:08,47,41,1,35,1
15:10,66,58,2,266,2
15:12,100,56,1,228,4
15:14,46,14,2,18,8
15:15,61,44,2,7,4
15:17,69,32,2,375,2
15:19,45,30,1,390,1
15:21,63,31,1,46,2
15:23,52,79,1,293,4
15:25,58,43,2,352,1
15:26,47,44,2,393,2
15:28,51,63,2,378,4
15:30,58,38,2,374,1
15:32,54,39,2,273,2
15:34,94,77,1,175,4
15:36,46,10,2,355,8
15:38,50,31,2,321,1
15:39,52,48,1,48,2
15:41,68,41,1,339,4
15:43,55,44,1,101,8
15:45,49,43,1,394,1
15:47,56,32,2,107,2
15:49,75,60,1,160,4
15:51,46,80,2,170,8
15:52,49,47,1,397,2
15:54,72,37,2,11,2
15:56,56,41,1,120,1
15:58,51,32,89,190,1
16:00,58,40,2,181,1
16:02,71,32,2,193,2
16:04,64,81,1,348,4
16:06,48,36,1,32,1
16:08,64,56,1,273,2
16:10,86,85,2,45,4
16:12,58,37,2,351,1
16:14,73,51,2,2,2
16:17,93,30,1,323,4
16:19,142,91,1,104,8
16:21,51,42,1,141,1
16:23,58,38,1,70,2
16:25,99,70,1,88,4
16:27,47,6,1,315,8
16:29,46,39,1,185,1
16:32,57,47,2,233,2
16:34,45,73,2,21,4
16:36,139,36,2,212,8
16:38,28,63,2,315,24
16:40,74,48,1,8,2
16:42,56,38,1,176,1
16:44,74,58,1,288,2
16:47,84,34,2,126,4
16:49,52,37,2,303,1
16:51,47,35,2,89,2
16:53,76,78,1,17,4
16:55,51,38,1,293,1
16:57,67,51,2,187,2
16:59,64,59,2,272,4
17:02,137,31,2,185,8
17:04,57,43,2,88,1
17:06,64,45,2,8,2
17:08,85,35,1,86,4
17:10,72,8,2,115,8
17:12,56,34,2,332,1
17:14,47,57,1,295,2
17:17,92,66,1,142,4
17:19,69,51,2,344,8
17:21,96,62,1,134,4
17:23,58,57,2,198,2
17:25,52,37,1,334,1
17:27,67,41,2,25,2
17:29,49,33,2,181,4
17:32,59,42,2,175,1
17:34,62,37,2,281,2
17:36,94,82,1,387,4
17:38,52,41,1,247,1
17:40,70,44,1,356,2
17:42,52,30,2,394,4
17:44,50,57,2,396,8
17:47,46,30,2,355,1
17:49,53,35,1,110,2
17:51,83,78,1,81,4
17:53,144,29,1,311,8
17:55,47,33,1,207,1
17:57,55,44,54,141,1
18:00,50,37,1,207,2
18:01,74,41,1,333,4
18:03,138,79,1,167,8
18:04,120,47,1,92,8
18:06,91,87,1,255,4
18:07,45,36,1,91,1
18:09,74,44,1,313,2
18:10,80,51,1,73,4
18:12,49,34,1,272,1
18:13,47,53,1,263,2
18:15,53,79,1,395,4
18:16,57,42,1,339,1
18:18,50,38,1,223,2
18:20,55,83,1,38,4
18:21,120,92,1,176,8
18:23,51,39,1,302,1
18:24,48,48,1,64,2
18:26,68,43,1,322,4
18:27,19,34,1,318,8
18:29,56,37,1,263,1
18:30,49,30,1,296,2
18:32,66,86,1,191,4
18:33,18,19,1,209,8
18:35,51,56,1,102,2
18:36,52,88,1,298,4
18:38,51,36,1,385,1
18:40,47,47,1,377,2
18:41,78,37,1,337,4
18:43,48,41,1,62,1
18:44,46,43,1,59,2
18:46,82,43,1,126,4
18:47,48,40,1,88,1
18:49,47,35,1,50,2
18:50,59,35,1,109,4
18:52,106,15,1,165,8
18:53,56,35,1,206,1
18:55,63,41,1,92,2
18:56,63,34,1,187,4
18:58,107,64,1,270,8
19:00,58,43,1,321,1
19:01,54,35,1,34,2
19:03,60,52,1,72,4
19:04,78,84,1,126,8
19:06,51,37,1,16,1
19:07,68,45,1,29,2
19:09,48,33,1,348,1
19:10,68,45,1,213,2
19:12,63,50,1,295,4
19:13,52,31,1,35,1
19:15,62,49,1,40,2
19:16,86,30,1,139,4
19:18,46,30,1,302,1
19:20,58,55,1,261,2
19:21,82,36,1,25,4
19:23,112,19,1,258,8
19:24,45,38,1,392,1
19:26,59,33,1,182,2
19:27,68,37,1,391,4
19:29,31,59,1,146,8
19:30,48,30,1,118,1
19:32,50,47,1,96,2
19:33,79,62,1,363,4
19:35,126,37,1,232,8
19:37,97,55,1,178,8
19:38,47,34,1,36,2
19:40,46,36,1,140,1
19:41,59,37,1,96,2
19:43,60,45,1,357,4
19:44,56,30,1,324,1
19:46,53,47,1,340,2
19:47,47,42,1,255,4
19:49,45,39,1,45,1
19:50,53,40,1,129,2
19:52,48,55,1,116,4
19:53,142,15,1,5,8
19:55,58,31,1,307,1
19:57,57,36,1,228,2
19:58,87,76,75,296,4
20:00,87,49,2,361,4
20:03,72,37,2,105,8
20:06,50,31,1,384,1
20:09,64,39,1,193,2
20:12,55,82,2,338,4
20:15,105,28,1,127,8
20:18,48,35,1,167,2
20:22,143,16,2,46,24
20:25,58,33,2,199,1
20:28,64,36,1,355,2
20:31,89,64,1,89,4
20:34,57,41,2,90,1
20:37,55,30,1,374,2
20:41,99,66,1,36,4
20:44,55,40,1,99,1
20:47,54,38,1,23,2
20:50,101,63,1,213,4
20:53,126,45,2,325,8
20:56,59,40,2,270,1
21:00,64,42,2,121,2
21:03,50,35,2,45,4
21:06,85,72,2,316,8
21:09,47,33,1,294,1
21:12,47,55,2,390,2
21:15,78,56,1,121,4
21:19,65,5,2,227,8
21:22,59,32,1,183,1
21:25,52,45,2,112,4
21:28,50,43,1,325,1
21:31,65,41,1,398,2
21:34,88,36,2,400,4
21:37,51,38,2,234,1
21:41,60,56,1,240,2
21:44,68,60,1,110,4
21:47,53,42,1,103,1
21:50,63,58,1,190,2
21:53,58,55,2,20,4
21:56,99,93,40,329,8
22:00,137,37,3,322,8
22:13,47,33,1,41,1
22:26,46,52,4,365,2
22:39,48,78,4,33,4
22:53,4,55,2,67,8
23:06,52,33,2,118,1
23:19,74,52,1,261,2
23:33,48,40,3,331,4
23:46,46,33,16,219,1
