00:00,109,47,2,273,8
00:08,72,83,2,1,8
00:17,27,43,2,97,8
00:25,45,58,1,144,4
00:34,87,6,1,138,8
00:42,101,51,1,9,4
00:51,144,69,1,299,8
00:59,78,86,2,79,4
01:08,42,67,1,286,8
01:17,72,57,2,189,2
01:25,57,49,2,152,4
01:34,37,14,2,120,8
01:42,57,38,1,164,1
01:51,73,35,21,188,2
02:00,53,51,1,92,2
02:09,52,50,3,49,4
02:18,94,29,2,141,8
02:27,52,45,3,107,2
02:36,116,17,1,62,24
02:46,51,39,3,79,1
02:55,82,75,1,139,4
03:04,138,40,2,136,8
03:13,99,65,1,32,8
03:23,32,71,3,86,8
03:32,60,43,3,253,4
03:41,132,91,2,272,8
03:50,119,35,16,256,24
04:00,64,39,2,19,4
04:04,5,83,2,44,8
04:08,47,34,2,5,4
04:12,44,29,1,297,8
04:16,51,56,2,141,2
04:20,81,39,1,222,4
04:24,20,70,2,145,8
04:28,56,39,1,107,1
04:33,62,57,2,259,2
04:37,77,66,1,123,4
04:41,57,44,2,149,8
04:45,10,67,2,47,24
04:49,81,68,2,248,8
04:53,82,50,2,311,4
04:57,76,88,1,238,4
05:02,59,89,1,337,8
05:06,11,27,2,120,8
05:10,30,16,2,236,8
05:14,82,50,2,353,4
05:18,92,50,1,190,8
05:22,91,89,2,297,4
05:26,19,95,2,357,8
05:31,57,60,1,50,4
05:35,24,61,1,121,8
05:39,66,40,1,18,2
05:43,91,76,2,8,4
05:47,3,57,2,361,8
05:51,50,39,2,365,1
05:55,116,79,36,170,24
06:00,68,30,1,112,2
06:01,85,88,2,353,4
06:03,7,10,1,139,8
06:05,12,55,1,348,24
06:06,56,31,1,5,2
06:08,74,70,2,321,4
06:10,50,36,1,219,2
06:12,63,51,1,145,8
06:13,38,99,2,12,8
06:15,141,50,2,248,8
06:17,92,52,1,54,4
06:19,147,76,2,102,8
06:20,47,30,2,158,4
06:22,108,34,1,281,8
06:24,103,30,1,42,4
06:26,114,2,1,163,8
06:27,56,44,2,82,2
06:29,62,53,2,397,4
06:31,109,71,2,235,8
06:33,58,38,2,283,1
06:34,59,37,1,337,2
06:36,79,39,2,396,4
06:38,142,25,2,316,8
06:40,48,12,2,67,8
06:41,90,50,2,155,4
06:43,136,95,2,294,8
06:45,70,32,2,65,2
06:46,47,83,2,165,8
06:48,95,27,1,163,8
06:50,43,32,1,322,8
06:52,50,47,2,83,4
06:53,10,35,2,296,8
06:55,104,59,2,326,4
06:57,101,13,2,291,8
06:59,85,43,1,84,4
07:00,139,14,2,301,8
07:02,65,39,1,400,2
07:04,63,38,1,50,4
07:06,138,32,1,232,8
07:07,54,35,1,289,1
07:09,62,36,2,4,2
07:11,76,56,1,124,4
07:13,148,29,2,376,8
07:14,91,45,1,392,4
07:16,34,4,2,348,24
07:18,59,40,1,114,1
07:20,69,53,1,163,4
07:21,56,15,2,149,8
07:23,65,5,2,250,8
07:25,39,85,2,318,8
07:27,69,30,1,154,4
07:28,21,89,1,349,8
07:30,91,53,2,3,4
07:32,72,58,1,49,8
07:33,58,87,2,331,4
07:35,131,96,2,145,8
07:37,61,33,1,393,2
07:39,45,85,2,100,4
07:40,6,1,1,50,8
07:42,52,32,1,71,1
07:44,47,52,1,67,2
07:46,48,37,1,371,4
07:47,19,97,2,339,8
07:49,9,48,1,317,24
07:51,16,91,2,79,8
07:53,53,43,1,180,1
07:54,3,38,2,99,24
07:56,114,37,2,170,8
07:58,10,59,62,98,24
08:00,59,47,1,60,2
08:06,48,38,1,334,1
08:12,64,39,1,347,2
08:18,73,47,2,136,4
08:24,49,34,1,110,1
08:30,50,48,2,86,2
08:36,62,83,1,266,4
08:42,55,36,1,363,1
08:48,69,39,2,291,2
08:54,47,65,2,308,4
09:00,36,96,2,198,8
09:06,50,35,1,116,1
09:12,63,40,2,115,2
09:18,57,82,1,47,4
09:24,35,95,2,299,8
09:30,45,40,1,128,1
09:36,70,40,2,300,2
09:42,56,56,2,358,4
09:48,35,55,2,136,8
09:54,80,88,25,90,4
10:00,45,37,1,360,1
10:02,61,44,1,33,2
10:05,57,39,1,114,1
10:08,50,30,1,383,2
10:10,89,89,1,278,4
10:13,48,33,1,208,1
10:16,68,42,1,174,2
10:19,92,35,1,224,4
10:21,54,37,1,72,1
10:24,49,54,1,316,2
10:27,92,47,1,224,4
10:30,76,43,1,169,8
10:32,45,30,1,79,1
10:35,60,35,1,248,2
10:38,96,78,1,319,4
10:40,57,99,1,353,8
10:43,55,33,1,148,1
10:46,72,50,1,218,2
10:49,79,58,1,307,4
10:51,53,64,1,228,8
10:54,46,43,1,91,1
10:57,60,58,1,12,2
11:00,53,39,1,121,1
11:02,63,37,1,210,2
11:05,93,66,1,271,4
11:08,47,33,1,315,1
11:10,62,32,1,211,2
11:13,52,72,1,231,4
11:16,57,35,1,340,1
11:19,53,51,1,203,2
11:21,68,33,1,345,4
11:24,99,2,1,153,8
11:27,56,32,1,343,1
11:30,52,38,1,148,2
11:32,50,60,1,113,4
11:35,146,91,1,218,8
11:38,52,34,1,92,1
11:41,53,41,1,44,2
11:43,93,57,1,340,4
11:46,85,94,1,352,8
11:49,51,33,1,63,1
11:51,53,54,1,261,2
11:54,51,41,1,241,1
11:57,56,31,39,217,2
12:00,48,33,2,235,2
12:03,83,89,3,386,4
12:06,55,31,1,77,1
12:09,74,50,3,277,2
12:12,95,86,3,176,4
12:15,59,39,1,170,1
12:18,50,49,3,393,2
12:21,51,49,2,285,4
12:24,87,34,2,377,8
12:27,48,37,3,98,1
12:30,70,31,1,16,2
12:33,86,80,2,142,4
12:36,63,69,2,342,8
12:40,53,41,3,181,1
12:43,45,57,3,25,2
12:46,92,81,1,174,4
12:49,95,73,1,195,8
12:52,70,66,3,119,4
12:55,58,50,3,342,2
12:58,50,30,2,315,1
13:01,47,50,2,380,2
13:04,74,60,3,108,4
13:07,49,37,1,169,1
13:10,47,34,2,198,2
13:13,52,72,2,261,4
13:16,54,30,2,130,1
13:20,73,46,1,20,2
13:23,58,68,1,165,4
13:26,141,64,3,71,8
13:29,58,35,3,174,1
13:32,57,45,2,280,2
13:35,88,69,1,89,4
13:38,78,52,3,176,8
13:41,46,38,2,325,1
13:44,59,50,2,246,2
13:47,94,84,1,132,4
13:50,35,86,2,171,8
13:53,59,58,2,303,2
13:57,59,39,44,51,1
14:00,57,41,4,270,2
14:03,52,40,3,192,1
14:06,67,40,2,221,2
14:09,90,78,2,219,4
14:12,51,40,1,375,1
14:15,52,53,3,387,2
14:18,82,85,3,139,4
14:21,45,44,4,117,1
14:24,51,31,2,153,2
14:27,55,33,2,336,4
14:30,42,14,2,383,8
14:33,47,41,3,88,1
14:36,46,42,2,395,2
14:40,51,79,4,170,4
14:43,75,88,1,67,8
14:46,55,41,3,131,1
14:49,67,47,1,230,2
14:52,66,74,3,63,4
14:55,23,57,2,140,8
14:58,76,59,4,13,4
15:01,46,42,2,152,2
15:04,52,34,4,42,1
15:07,70,46,3,24,2
15:10,95,82,4,335,4
15:13,45,38,2,276,1
15:16,74,30,3,192,2
15:20,92,53,3,375,4
15:23,53,42,4,134,1
15:26,60,42,1,378,2
15:29,59,78,1,319,4
15:32,98,94,4,223,8
15:35,52,39,2,258,1
15:38,61,51,1,4,2
15:41,58,50,2,350,4
15:44,111,91,3,79,8
15:47,47,41,4,185,1
15:50,68,30,4,257,2
15:53,77,80,2,205,4
15:57,50,39,67,305,1
16:00,58,34,2,157,1
16:01,52,31,2,49,2
16:03,61,86,2,114,4
16:05,53,42,2,172,1
16:07,53,55,1,23,2
16:09,86,68,1,202,4
16:11,46,37,1,195,1
16:13,47,40,2,330,2
16:15,58,56,1,218,4
16:17,27,22,2,358,8
16:19,45,38,1,182,1
16:21,57,58,2,219,2
16:23,51,83,1,392,4
16:25,137,75,1,191,8
16:27,53,35,2,189,1
16:29,61,33,1,153,2
16:31,69,70,2,276,4
16:33,14,11,2,370,8
16:35,88,87,1,323,8
16:37,51,35,1,22,1
16:39,55,44,1,264,1
16:41,57,56,2,196,2
16:43,63,88,2,165,4
16:45,55,36,2,322,1
16:47,73,54,2,229,2
16:49,78,63,2,173,4
16:51,52,41,1,299,1
16:53,68,50,1,184,2
16:55,76,81,2,320,4
16:57,46,14,2,349,8
16:59,56,44,2,35,1
17:01,66,52,1,84,2
17:03,65,48,2,257,4
17:05,32,56,2,373,8
17:06,57,42,1,217,1
17:08,68,46,2,38,2
17:10,48,86,1,173,4
17:12,78,77,1,353,8
17:14,46,51,2,123,2
17:16,56,44,2,349,1
17:18,56,35,1,367,1
17:20,71,47,2,19,2
17:22,62,77,1,95,4
17:24,53,32,1,44,1
17:26,58,32,2,240,2
17:28,94,67,1,295,4
17:30,52,42,1,52,1
17:32,73,53,2,155,2
17:34,52,33,2,359,4
17:36,28,91,1,37,8
17:38,46,42,2,285,1
17:40,71,33,2,369,2
17:42,88,80,2,180,4
17:44,31,74,1,89,8
17:46,45,35,1,121,1
17:48,69,33,1,365,2
17:50,73,84,2,386,4
17:52,89,40,1,234,8
17:54,148,22,2,175,24
17:56,65,44,2,197,2
17:58,67,47,27,388,2
18:00,59,30,2,392,1
18:02,71,51,2,324,2
18:05,59,66,1,385,4
18:08,55,30,1,142,1
18:11,46,44,3,388,2
18:14,68,43,1,259,4
18:17,49,33,2,175,1
18:20,73,51,3,260,2
18:23,99,89,2,350,4
18:26,85,74,3,310,8
18:29,45,38,1,175,1
18:32,61,54,1,379,2
18:35,64,48,1,179,4
18:38,74,93,3,42,8
18:41,54,42,1,262,1
18:43,49,32,3,398,2
18:46,96,35,1,286,4
18:49,19,26,1,292,8
18:52,39,47,3,308,8
18:55,45,38,2,50,2
18:58,54,34,3,29,1
19:01,68,43,3,230,2
19:04,68,53,1,174,4
19:07,46,37,2,223,1
19:10,51,47,3,300,2
19:13,85,32,1,369,4
19:16,55,41,3,44,1
19:19,45,40,1,354,2
19:22,79,44,3,2,4
19:24,136,93,3,363,8
19:27,50,38,2,48,1
19:30,72,30,2,313,2
19:33,84,70,2,152,4
19:36,54,16,2,147,8
19:39,59,30,2,248,1
19:42,66,45,3,121,2
19:45,94,55,3,351,4
19:48,44,39,3,204,8
19:51,56,30,2,354,1
19:54,63,40,1,17,2
19:57,121,39,54,301,8
20:00,54,35,1,74,1
20:02,72,44,1,283,2
20:05,81,89,1,240,4
20:08,56,30,1,155,1
20:10,57,54,1,318,2
20:13,54,32,1,278,4
20:16,49,35,1,84,1
20:18,52,58,1,106,2
20:21,103,31,1,92,4
20:24,76,67,1,333,8
20:26,54,41,1,387,1
20:29,72,57,1,209,2
20:32,83,46,1,117,4
20:34,1,50,1,171,8
20:37,59,36,1,201,1
20:40,71,39,1,210,2
20:42,91,37,1,38,4
20:45,112,61,1,118,8
20:48,112,42,1,341,8
20:50,48,38,1,47,1
20:53,51,41,1,309,1
20:56,65,46,1,236,2
20:58,56,32,1,262,4
21:01,45,30,1,216,1
21:04,56,41,1,351,2
21:06,62,42,1,367,4
21:09,46,31,1,352,1
21:12,68,34,1,207,2
21:14,51,50,1,144,4
21:17,108,29,1,109,8
21:20,46,43,1,158,1
21:22,69,57,1,189,2
21:25,65,89,1,275,4
21:28,14,59,1,276,8
21:30,53,40,1,224,1
21:33,50,45,1,40,2
21:36,83,53,1,81,4
21:38,5,93,1,101,8
21:41,44,87,1,100,24
21:44,141,91,1,399,24
21:46,57,36,1,268,1
21:49,60,30,1,146,2
21:52,94,50,1,189,4
21:54,49,42,1,255,1
21:57,63,41,40,131,2
22:00,72,45,1,288,2
22:09,88,61,1,379,4
22:18,57,32,1,385,1
22:27,57,47,2,340,2
22:36,51,81,1,249,4
22:46,109,64,2,153,8
22:55,50,37,2,278,1
23:04,68,43,1,340,2
23:13,81,89,2,63,4
23:23,97,81,2,11,8
23:32,52,33,2,260,1
23:41,49,43,1,352,2
23:50,38,79,14,248,24
